entropy,entropyInd,RabA,RabB,RabC,RabD,RabE,RabF,RabG,RabH,RabI,xER,xPM,
1.463,0.2779,0.05411,0.01193,0.008016,0.04717,0.02351,0.01285,0.01673,0.01456,0.01487,0.3948,0.4014,
1.463,0.2722,0.05403,0.01193,0.008015,0.04717,0.02358,0.01259,0.01672,0.01456,0.01487,0.395,0.4016,
1.462,0.2646,0.05397,0.01193,0.008015,0.04706,0.0237,0.01248,0.01673,0.01456,0.01487,0.3951,0.4016,
1.461,0.254,0.05398,0.01193,0.008016,0.04693,0.02371,0.0123,0.01672,0.01456,0.01487,0.3951,0.4019,
1.475,0.2453,0.06079,0.01191,0.008012,0.04685,0.02363,0.01227,0.01671,0.01455,0.01537,0.395,0.3949,
1.475,0.2371,0.06079,0.01191,0.008012,0.04682,0.02366,0.01224,0.01671,0.01455,0.01537,0.395,0.3949,
1.478,0.236,0.06089,0.01189,0.008005,0.04669,0.0237,0.0121,0.0167,0.01454,0.01625,0.3947,0.3945,
1.477,0.2369,0.06089,0.01188,0.008006,0.04661,0.02355,0.01203,0.0167,0.01454,0.01625,0.3948,0.3947,
1.478,0.2469,0.06106,0.01188,0.008001,0.04653,0.02335,0.01195,0.01669,0.01454,0.01693,0.3946,0.3945,
1.479,0.2352,0.06117,0.01187,0.007995,0.04648,0.02313,0.01186,0.01668,0.01453,0.01764,0.3943,0.3944,
1.479,0.2408,0.06117,0.01187,0.007996,0.04645,0.02305,0.01175,0.01667,0.01453,0.01764,0.3943,0.3946,
1.478,0.2413,0.061,0.01181,0.007993,0.04645,0.02305,0.01163,0.01666,0.01453,0.01764,0.3943,0.3949,
1.475,0.2401,0.05975,0.0118,0.007994,0.04636,0.02302,0.01162,0.01666,0.01453,0.01764,0.3945,0.3962,
1.472,0.2305,0.05857,0.01172,0.007993,0.04629,0.02301,0.01159,0.01666,0.01453,0.01765,0.3946,0.3974,
1.47,0.2222,0.05734,0.01171,0.007992,0.04627,0.02305,0.01156,0.01666,0.01454,0.01765,0.3946,0.3986,
1.465,0.2239,0.05522,0.01155,0.007977,0.04613,0.02304,0.01152,0.01667,0.01454,0.01765,0.3947,0.401,
1.461,0.231,0.05398,0.01154,0.007978,0.04605,0.02288,0.01148,0.01667,0.01454,0.01765,0.3947,0.4025,
1.458,0.2291,0.05256,0.0115,0.007975,0.04604,0.02278,0.01147,0.01667,0.01454,0.01766,0.3948,0.404,
1.455,0.2293,0.0515,0.01145,0.007969,0.04596,0.02279,0.01138,0.01666,0.01454,0.01766,0.3948,0.4053,
1.452,0.225,0.05032,0.0114,0.00796,0.04593,0.02274,0.01133,0.01666,0.01454,0.01766,0.3948,0.4066,
1.475,0.2118,0.06142,0.01139,0.007939,0.04584,0.02276,0.01125,0.01666,0.01454,0.01833,0.3947,0.3952,
1.477,0.2121,0.06078,0.01125,0.007892,0.04575,0.02264,0.01116,0.01663,0.01452,0.01991,0.3942,0.3953,
1.479,0.2111,0.06108,0.01125,0.007889,0.04567,0.02272,0.01108,0.01663,0.01452,0.02021,0.3941,0.3948,
1.48,0.2121,0.06182,0.01121,0.007883,0.04555,0.02258,0.01094,0.01661,0.01451,0.02074,0.394,0.3941,
1.478,0.2118,0.06138,0.01118,0.007882,0.04546,0.0225,0.0108,0.0166,0.01452,0.02074,0.3941,0.3948,
1.481,0.1986,0.06227,0.01116,0.007874,0.04534,0.02237,0.0107,0.01657,0.0145,0.02164,0.3938,0.3937,
1.477,0.2025,0.06042,0.01101,0.007783,0.0453,0.02238,0.01065,0.01656,0.0145,0.02179,0.3938,0.3958,
1.476,0.2065,0.0599,0.01097,0.007763,0.04521,0.02234,0.01064,0.01656,0.01451,0.02179,0.3939,0.3964,
1.472,0.1998,0.05851,0.01092,0.00775,0.04516,0.02222,0.0106,0.01654,0.01451,0.02179,0.394,0.3981,
1.47,0.1981,0.05791,0.01079,0.007742,0.04516,0.02228,0.01053,0.01654,0.01451,0.02179,0.394,0.3988,
1.469,0.2004,0.05717,0.01079,0.007742,0.04516,0.02232,0.01049,0.01654,0.01451,0.02179,0.394,0.3995,
1.48,0.1896,0.06273,0.01075,0.00774,0.04532,0.0223,0.01048,0.01645,0.01471,0.02193,0.3938,0.3937,
1.477,0.1907,0.06119,0.01075,0.007745,0.04517,0.02229,0.01046,0.01648,0.01475,0.02183,0.394,0.3953,
1.472,0.1958,0.05902,0.0107,0.007758,0.04507,0.02227,0.01037,0.01638,0.01492,0.02165,0.3941,0.3977,
1.48,0.2043,0.0626,0.01071,0.007764,0.04492,0.02229,0.01038,0.01631,0.01509,0.0222,0.3939,0.3939,
1.477,0.1955,0.0619,0.01062,0.007779,0.04481,0.02206,0.01044,0.01631,0.01538,0.02168,0.394,0.395,
1.477,0.195,0.06207,0.0105,0.007791,0.04467,0.02207,0.01044,0.01636,0.01533,0.0217,0.3941,0.3949,
1.475,0.1893,0.06092,0.01052,0.007803,0.04472,0.02204,0.01043,0.01643,0.01539,0.02156,0.3942,0.396,
1.477,0.1866,0.0618,0.01054,0.007816,0.04465,0.02207,0.0104,0.01638,0.01558,0.02149,0.3943,0.395,
1.474,0.185,0.0609,0.01046,0.007818,0.04452,0.02195,0.0104,0.01635,0.01557,0.02137,0.3945,0.3962,
1.471,0.1875,0.05984,0.01051,0.007821,0.04423,0.02192,0.0105,0.01627,0.01561,0.02121,0.3947,0.3974,
1.477,0.2026,0.06186,0.01053,0.007815,0.04429,0.02204,0.01052,0.01621,0.01605,0.02117,0.3946,0.3949,
1.474,0.2028,0.06066,0.01052,0.007823,0.0445,0.02195,0.01058,0.01611,0.01624,0.02094,0.3946,0.396,
1.478,0.2004,0.06182,0.01058,0.007824,0.04455,0.022,0.01056,0.01604,0.01638,0.02112,0.3944,0.3947,
1.473,0.1946,0.05917,0.01062,0.007821,0.04466,0.02207,0.01053,0.01605,0.01637,0.02096,0.3947,0.397,
1.479,0.1935,0.06155,0.01064,0.00784,0.04464,0.02211,0.01073,0.01582,0.01644,0.0213,0.3943,0.3946,
1.474,0.2098,0.05948,0.01063,0.007837,0.04448,0.02204,0.01065,0.01592,0.01658,0.02103,0.3948,0.3966,
1.471,0.2078,0.05803,0.01067,0.007822,0.04454,0.02196,0.01065,0.01596,0.01661,0.02087,0.3948,0.3981,
1.477,0.2003,0.0605,0.01071,0.007822,0.04454,0.02192,0.01081,0.01576,0.01678,0.02128,0.3946,0.3952,
1.474,0.2,0.05915,0.01073,0.007824,0.04444,0.02172,0.01077,0.01578,0.01687,0.02112,0.3947,0.3969,
1.469,0.2079,0.05757,0.01077,0.007825,0.04451,0.02371,0.008748,0.01572,0.01704,0.02086,0.3948,0.3984,
1.466,0.215,0.0563,0.01075,0.007833,0.04442,0.02373,0.008867,0.01565,0.01709,0.02074,0.3949,0.3998,
1.463,0.2,0.05503,0.01076,0.007834,0.04438,0.02371,0.008813,0.01563,0.01715,0.02068,0.395,0.4011,
1.462,0.204,0.05429,0.01077,0.007846,0.04456,0.02366,0.008933,0.01551,0.01729,0.02055,0.395,0.4016,
1.46,0.2138,0.05346,0.0107,0.007857,0.04452,0.0236,0.008957,0.01547,0.01736,0.02041,0.3951,0.4025,
1.474,0.2105,0.06022,0.01073,0.007865,0.04466,0.02358,0.008984,0.01547,0.01774,0.02025,0.3951,0.3954,
1.476,0.2075,0.0606,0.01081,0.00787,0.04461,0.02334,0.009121,0.0153,0.01806,0.02029,0.395,0.395,
1.475,0.2105,0.06031,0.01087,0.007883,0.04452,0.02328,0.00904,0.01544,0.01803,0.02018,0.395,0.3954,
1.475,0.2193,0.05997,0.01091,0.007893,0.04447,0.02336,0.00911,0.01536,0.01803,0.02039,0.395,0.3955,
1.473,0.2148,0.05949,0.01088,0.007904,0.04442,0.02324,0.009113,0.01547,0.01835,0.0198,0.3952,0.3962,
1.47,0.2153,0.05809,0.01091,0.007808,0.04455,0.02308,0.009074,0.01551,0.01846,0.01965,0.3952,0.3977,
1.474,0.2214,0.06068,0.01095,0.007817,0.04479,0.02292,0.01648,0.008112,0.01846,0.01956,0.3954,0.3949,
1.471,0.2319,0.05867,0.01088,0.00782,0.04474,0.02279,0.01647,0.01067,0.01614,0.01928,0.3954,0.3972,
1.468,0.2333,0.05665,0.01089,0.007818,0.04534,0.02274,0.01654,0.01056,0.01615,0.0191,0.3955,0.3988,
1.477,0.2294,0.06012,0.01087,0.00781,0.04542,0.02241,0.01664,0.01048,0.01603,0.02024,0.3951,0.3949,
1.474,0.2342,0.05928,0.01087,0.00781,0.04543,0.02425,0.0147,0.01056,0.01602,0.02013,0.3951,0.3958,
1.471,0.2288,0.05864,0.01077,0.007795,0.04535,0.02393,0.01468,0.01056,0.0161,0.01997,0.3952,0.397,
1.47,0.212,0.05816,0.0108,0.007796,0.04532,0.02388,0.01465,0.01056,0.01625,0.01974,0.3953,0.3976,
1.469,0.1989,0.05787,0.01083,0.007801,0.04527,0.02399,0.01463,0.01048,0.01625,0.01974,0.3953,0.3978,
1.466,0.2145,0.05614,0.01091,0.007782,0.04532,0.02402,0.01459,0.01048,0.0165,0.01949,0.3954,0.3994,
1.474,0.2042,0.05977,0.01093,0.007771,0.04527,0.02406,0.01437,0.01051,0.01657,0.02003,0.3952,0.3956,
1.472,0.2032,0.05889,0.01097,0.00773,0.04528,0.02406,0.01437,0.01058,0.01645,0.01995,0.3953,0.3964,
1.471,0.2071,0.05827,0.01104,0.007745,0.04519,0.02407,0.0143,0.01063,0.01676,0.0195,0.3954,0.3971,
1.468,0.2096,0.05767,0.01103,0.007769,0.04517,0.02365,0.01424,0.01087,0.01649,0.0195,0.3955,0.3981,
1.474,0.2124,0.05946,0.0111,0.007773,0.0453,0.02359,0.01423,0.0109,0.01644,0.02019,0.3953,0.3957,
1.475,0.2114,0.05933,0.01108,0.007776,0.04539,0.0237,0.01414,0.01092,0.01672,0.02037,0.3951,0.3954,
1.478,0.2088,0.06018,0.01111,0.00778,0.04536,0.02341,0.01401,0.01089,0.01704,0.02099,0.3948,0.3944,
1.479,0.2124,0.05961,0.01112,0.007786,0.04543,0.02308,0.01399,0.01095,0.01695,0.02168,0.3946,0.3948,
1.481,0.2202,0.06006,0.01112,0.007791,0.04546,0.02293,0.01395,0.01095,0.01709,0.0224,0.394,0.3942,
1.481,0.2169,0.05939,0.01123,0.007794,0.04571,0.0252,0.0115,0.01088,0.01732,0.02283,0.3941,0.3941,
1.482,0.2116,0.05993,0.01123,0.007811,0.04575,0.02494,0.01158,0.0108,0.01783,0.02259,0.394,0.3936,
1.479,0.2006,0.05851,0.0112,0.00781,0.04591,0.02471,0.01157,0.01079,0.0179,0.02252,0.394,0.395,
1.482,0.202,0.05978,0.01123,0.007818,0.04587,0.02452,0.01153,0.01105,0.01784,0.02254,0.394,0.3939,
1.481,0.2022,0.05943,0.01124,0.007832,0.04584,0.02438,0.01157,0.01104,0.01781,0.02254,0.394,0.3943,
1.481,0.2345,0.06005,0.01132,0.007843,0.04578,0.02584,0.009937,0.01109,0.0178,0.02288,0.3939,0.3936,
1.48,0.2192,0.0587,0.01133,0.007842,0.04573,0.02571,0.009823,0.01204,0.01693,0.02362,0.3936,0.3947,
1.478,0.2154,0.0575,0.01145,0.007843,0.04588,0.02574,0.009872,0.01196,0.017,0.02333,0.3938,0.3956,
1.474,0.2106,0.05836,0.01146,0.007814,0.04553,0.02382,0.009736,0.01193,0.01716,0.02349,0.3938,0.3969,
1.48,0.2088,0.06163,0.01147,0.007807,0.04548,0.02381,0.009669,0.01201,0.01777,0.02278,0.3938,0.3938,
1.477,0.2292,0.06072,0.01141,0.007809,0.04536,0.02347,0.009619,0.01208,0.01774,0.02266,0.394,0.3951,
1.475,0.234,0.0593,0.01134,0.007818,0.0457,0.02351,0.009621,0.01207,0.01777,0.02261,0.3941,0.3962,
1.478,0.2269,0.06179,0.01131,0.007778,0.04568,0.02299,0.00966,0.01203,0.01784,0.0228,0.3941,0.3941,
1.478,0.23,0.06189,0.0112,0.007766,0.04559,0.0227,0.009766,0.01202,0.01832,0.02253,0.394,0.3942,
1.474,0.2209,0.06046,0.01115,0.007783,0.04554,0.02247,0.009773,0.01202,0.01856,0.02226,0.3941,0.3958,
1.472,0.2251,0.05918,0.01124,0.007793,0.04549,0.02242,0.009714,0.01203,0.01856,0.02218,0.3943,0.3971,
1.476,0.2209,0.06087,0.0112,0.007785,0.04572,0.02229,0.009697,0.01202,0.01856,0.02273,0.3941,0.395,
1.474,0.2205,0.05996,0.01119,0.007793,0.04576,0.02201,0.00968,0.01211,0.01864,0.02254,0.3942,0.3961,
1.473,0.2146,0.06111,0.01116,0.007784,0.04603,0.0264,0.005169,0.01204,0.01874,0.02325,0.3939,0.3944,
1.473,0.2118,0.06057,0.01111,0.007784,0.0459,0.02624,0.005095,0.01209,0.01867,0.02417,0.3937,0.3947,
1.47,0.2154,0.05855,0.01113,0.007782,0.04626,0.02618,0.005023,0.0122,0.01856,0.02418,0.3937,0.3964,
1.474,0.2116,0.05964,0.01108,0.007782,0.04609,0.02616,0.005058,0.01221,0.0186,0.02497,0.3934,0.395,
1.472,0.221,0.05902,0.01112,0.007796,0.04612,0.02613,0.004989,0.01222,0.01874,0.02461,0.3937,0.3956,
1.47,0.2195,0.05846,0.01117,0.007803,0.0461,0.02668,0.00429,0.01226,0.0193,0.02402,0.3937,0.3962,
1.467,0.2158,0.0577,0.01117,0.007817,0.04614,0.02647,0.004322,0.01217,0.01955,0.02377,0.3938,0.3971,
1.466,0.2168,0.05699,0.0112,0.007837,0.04609,0.02645,0.004346,0.01208,0.01965,0.02357,0.3938,0.398,
1.472,0.2118,0.06045,0.01115,0.007727,0.0461,0.02645,0.004385,0.01212,0.01964,0.02358,0.3938,0.3946,
1.47,0.2248,0.05931,0.01117,0.007745,0.04608,0.02633,0.004482,0.01205,0.01967,0.02351,0.3939,0.3958,
1.477,0.218,0.06135,0.01113,0.007738,0.04599,0.02628,0.004447,0.01204,0.02001,0.0248,0.3928,0.3934,
1.474,0.2132,0.06058,0.0111,0.007744,0.04596,0.02593,0.004395,0.01209,0.02018,0.02447,0.3933,0.3942,
1.475,0.2138,0.06051,0.01113,0.007749,0.04594,0.02575,0.004415,0.01215,0.02019,0.02461,0.3933,0.3942,
1.472,0.2149,0.05901,0.01118,0.007762,0.04586,0.02567,0.004415,0.01221,0.02024,0.02443,0.3934,0.3958,
1.469,0.2184,0.05847,0.01123,0.007761,0.04582,0.0251,0.004384,0.01225,0.02032,0.02431,0.3935,0.3968,
1.477,0.2146,0.06199,0.01125,0.007711,0.04577,0.02509,0.004422,0.01226,0.02059,0.0245,0.3934,0.393,
1.474,0.2144,0.06088,0.01114,0.00769,0.04588,0.0248,0.00444,0.01229,0.02077,0.02427,0.3934,0.3944,
1.467,0.2157,0.05991,0.01118,0.007684,0.04589,0.02323,0.004408,0.01222,0.02093,0.02403,0.3935,0.397,
1.472,0.2161,0.06318,0.01123,0.00769,0.04583,0.02284,0.004364,0.01222,0.02106,0.02403,0.3935,0.394,
1.474,0.2154,0.06293,0.01121,0.007672,0.0458,0.02261,0.00443,0.01218,0.02114,0.02506,0.3931,0.3939,
1.477,0.2104,0.06395,0.01124,0.007667,0.04583,0.02247,0.00443,0.01218,0.02132,0.02522,0.3928,0.3929,
1.479,0.2084,0.06415,0.01123,0.007586,0.04579,0.02237,0.004398,0.01217,0.02197,0.02549,0.392,0.3928,
1.476,0.2171,0.06257,0.01116,0.007578,0.04589,0.02231,0.004384,0.0122,0.02214,0.02523,0.3927,0.3938,
1.473,0.2157,0.0613,0.01113,0.007589,0.04589,0.02232,0.004511,0.01214,0.02216,0.02508,0.3929,0.395,
1.477,0.2109,0.06307,0.01119,0.007597,0.04602,0.0222,0.004472,0.01229,0.02201,0.02526,0.3929,0.393,
1.475,0.2159,0.06181,0.01118,0.007601,0.04648,0.02201,0.004472,0.01241,0.02203,0.02512,0.393,0.3939,
1.472,0.217,0.06079,0.01115,0.007615,0.04649,0.02148,0.004512,0.01242,0.02259,0.02442,0.3931,0.3954,
1.469,0.2446,0.05901,0.01124,0.007632,0.04671,0.02134,0.004832,0.01209,0.02321,0.02381,0.3932,0.3969,
1.467,0.2377,0.05816,0.01127,0.007636,0.04661,0.02126,0.00479,0.01218,0.02334,0.02351,0.3933,0.398,
1.465,0.2303,0.05723,0.01133,0.007643,0.04653,0.02114,0.004791,0.01218,0.02381,0.02301,0.3934,0.399,
1.478,0.2179,0.0628,0.01126,0.00764,0.04672,0.02113,0.004907,0.01214,0.0244,0.02324,0.3928,0.393,
1.478,0.2159,0.06305,0.01125,0.007636,0.04664,0.02085,0.004887,0.01219,0.02464,0.02302,0.3931,0.3928,
1.478,0.2282,0.06241,0.01125,0.00763,0.04666,0.02065,0.009904,0.007281,0.02478,0.02302,0.3929,0.3935,
1.476,0.2225,0.06179,0.01128,0.007646,0.04667,0.02055,0.009922,0.007251,0.0248,0.02267,0.3933,0.3941,
1.473,0.2219,0.06068,0.01128,0.007654,0.04659,0.02053,0.009843,0.007251,0.0249,0.02258,0.3933,0.3954,
1.478,0.2249,0.06285,0.01128,0.007649,0.04653,0.02022,0.009844,0.007197,0.02537,0.02269,0.3931,0.3933,
1.475,0.2232,0.06167,0.0113,0.007653,0.0465,0.02026,0.009858,0.007237,0.02565,0.02232,0.3931,0.3944,
1.47,0.2274,0.06023,0.01129,0.007661,0.04673,0.02377,0.00635,0.007238,0.02573,0.02225,0.3932,0.3956,
1.468,0.2209,0.05959,0.01121,0.007669,0.04673,0.0238,0.006324,0.007188,0.02616,0.02182,0.3932,0.3963,
1.476,0.2163,0.06261,0.01122,0.007669,0.04664,0.02371,0.006312,0.007207,0.02625,0.0227,0.3929,0.3928,
1.476,0.2219,0.06178,0.01109,0.007663,0.04671,0.02376,0.006283,0.007202,0.02624,0.02334,0.3927,0.3932,
1.472,0.2237,0.05964,0.01111,0.007675,0.04673,0.02368,0.006252,0.007234,0.02622,0.0233,0.3927,0.3954,
1.469,0.2244,0.05896,0.01114,0.007695,0.04666,0.02316,0.006283,0.007234,0.02674,0.02275,0.3928,0.3966,
1.476,0.2156,0.06221,0.01095,0.007649,0.04654,0.02307,0.006271,0.007259,0.02676,0.02355,0.3925,0.3932,
1.474,0.213,0.0607,0.0109,0.007645,0.0465,0.02291,0.006212,0.007312,0.02676,0.024,0.3924,0.3946,
1.471,0.2171,0.05967,0.01093,0.007654,0.04643,0.0226,0.006167,0.007358,0.02687,0.02384,0.3925,0.396,
1.468,0.2124,0.05824,0.01096,0.007657,0.0465,0.0225,0.006119,0.007428,0.02687,0.0237,0.3926,0.3975,
1.471,0.2128,0.05755,0.01097,0.007676,0.04651,0.02219,0.006182,0.01336,0.02103,0.02355,0.3926,0.3984,
1.466,0.2323,0.05571,0.01091,0.007583,0.04649,0.02209,0.006151,0.01343,0.02105,0.02344,0.3926,0.4005,
1.464,0.2139,0.05453,0.01113,0.0076,0.04659,0.02186,0.006106,0.0134,0.02135,0.02315,0.3927,0.4016,
1.482,0.2078,0.06358,0.01105,0.007602,0.0467,0.02186,0.006129,0.01337,0.02146,0.02344,0.3925,0.3923,
1.483,0.2022,0.06371,0.01106,0.007602,0.04658,0.0219,0.006097,0.01339,0.02151,0.02382,0.3922,0.3922,
1.481,0.1985,0.06243,0.01105,0.007618,0.04657,0.02189,0.006146,0.01339,0.02175,0.0235,0.3925,0.3931,
1.486,0.2075,0.06338,0.01107,0.007619,0.04654,0.02175,0.006102,0.01348,0.02179,0.02454,0.3918,0.3919,
1.484,0.2041,0.06233,0.01102,0.007605,0.04651,0.02165,0.006185,0.01344,0.02289,0.02365,0.3918,0.3929,
1.485,0.206,0.06364,0.01105,0.007597,0.04657,0.0213,0.006078,0.01344,0.02347,0.02315,0.3919,0.3918,
1.481,0.201,0.06189,0.01107,0.007603,0.04659,0.02082,0.006067,0.01352,0.02359,0.02295,0.3921,0.3937,
1.479,0.2073,0.06078,0.01108,0.007603,0.04653,0.02077,0.006133,0.0135,0.02406,0.02245,0.3922,0.3949,
1.475,0.2085,0.05907,0.01114,0.007613,0.04655,0.02065,0.006085,0.01354,0.02417,0.02223,0.3923,0.3967,
1.473,0.2103,0.05846,0.01114,0.007614,0.04648,0.02072,0.006029,0.01358,0.0245,0.02179,0.3924,0.3973,
1.484,0.2212,0.06228,0.01119,0.007622,0.04643,0.02063,0.006086,0.01497,0.02299,0.02273,0.3921,0.3929,
1.483,0.2036,0.06171,0.01118,0.007655,0.04641,0.02072,0.006003,0.01498,0.0232,0.02252,0.3922,0.3935,
1.481,0.2023,0.06114,0.01116,0.007689,0.04639,0.02056,0.00597,0.0151,0.02317,0.02242,0.3922,0.3942,
1.479,0.2023,0.06013,0.01117,0.007693,0.04633,0.02048,0.006275,0.01483,0.02353,0.02203,0.3923,0.3952,
1.476,0.2048,0.05832,0.01113,0.007701,0.04641,0.0204,0.006267,0.01497,0.02351,0.0219,0.3924,0.397,
1.474,0.2038,0.05726,0.01117,0.007712,0.04648,0.0204,0.006268,0.01505,0.02351,0.02183,0.3925,0.3979,
1.472,0.2126,0.05636,0.01116,0.007721,0.04638,0.02047,0.006196,0.0151,0.02367,0.02163,0.3925,0.3988,
1.47,0.2085,0.05515,0.01124,0.007734,0.04645,0.02033,0.006303,0.015,0.02388,0.02143,0.3926,0.3999,
1.463,0.2129,0.05225,0.01128,0.007721,0.0466,0.02013,0.006302,0.01499,0.02381,0.02129,0.3927,0.4029,
1.459,0.2218,0.05025,0.01124,0.007729,0.04665,0.02023,0.006246,0.01505,0.02379,0.02122,0.3928,0.4048,
1.484,0.2022,0.0626,0.01131,0.007727,0.04652,0.02026,0.006204,0.01508,0.02385,0.02163,0.3927,0.3922,
1.484,0.2096,0.06156,0.01125,0.007731,0.04643,0.02027,0.006141,0.01517,0.02391,0.02226,0.3924,0.3928,
1.482,0.2076,0.0608,0.01113,0.007755,0.04636,0.02029,0.00615,0.01513,0.02459,0.02156,0.3925,0.3937,
1.48,0.2071,0.0599,0.01113,0.00775,0.04644,0.02034,0.006236,0.01515,0.02454,0.02139,0.3927,0.3944,
1.474,0.2057,0.0569,0.01112,0.007744,0.04634,0.02031,0.006198,0.0153,0.02453,0.02127,0.3928,0.3975,
1.474,0.2073,0.05638,0.01118,0.007753,0.04644,0.02035,0.006159,0.01536,0.0247,0.02104,0.3928,0.3978,
1.472,0.2103,0.05517,0.01116,0.007768,0.04648,0.02037,0.006673,0.01491,0.02505,0.02061,0.3928,0.399,
1.47,0.2218,0.05404,0.01118,0.007786,0.04651,0.02034,0.006729,0.01715,0.02277,0.02051,0.3929,0.4001,
1.468,0.2291,0.05313,0.01123,0.007715,0.04649,0.02026,0.00673,0.01726,0.02274,0.02039,0.393,0.4011,
1.467,0.2279,0.05283,0.01126,0.007708,0.04653,0.02014,0.006722,0.01732,0.02283,0.02023,0.393,0.4014,
1.466,0.2154,0.05213,0.01128,0.007715,0.04661,0.02014,0.006767,0.01744,0.02275,0.02004,0.3931,0.4021,
1.482,0.2268,0.05991,0.01132,0.007694,0.04672,0.02006,0.006844,0.01732,0.02281,0.02018,0.3929,0.3942,
1.485,0.2052,0.06136,0.01119,0.0077,0.04668,0.02006,0.006804,0.01737,0.02344,0.01989,0.3927,0.3928,
1.485,0.2049,0.06078,0.0112,0.007716,0.04681,0.01996,0.006787,0.01736,0.02386,0.01979,0.3928,0.3929,
1.485,0.2113,0.06044,0.01124,0.007723,0.04683,0.01991,0.006973,0.01726,0.02424,0.01957,0.3928,0.393,
1.485,0.2127,0.06025,0.01116,0.007716,0.04672,0.0199,0.006971,0.01726,0.02463,0.01957,0.3927,0.3931,
1.483,0.2176,0.05918,0.01105,0.007715,0.04681,0.01982,0.007017,0.01726,0.02486,0.01929,0.3928,0.3942,
1.481,0.2098,0.05872,0.01106,0.007731,0.04676,0.01973,0.007017,0.01733,0.02494,0.01915,0.3929,0.3947,
1.486,0.2065,0.06084,0.01109,0.007737,0.04667,0.01965,0.00706,0.01734,0.02509,0.01934,0.3925,0.3926,
1.484,0.2141,0.06019,0.01113,0.007741,0.04658,0.01957,0.006995,0.01738,0.02534,0.01891,0.3929,0.3933,
1.483,0.2142,0.05952,0.01118,0.007751,0.04659,0.01954,0.007026,0.01741,0.02528,0.0188,0.393,0.3939,
1.479,0.226,0.05811,0.01111,0.007751,0.04656,0.01953,0.007003,0.01741,0.02554,0.01852,0.3931,0.3954,
1.476,0.216,0.05662,0.01114,0.007772,0.04655,0.01948,0.006915,0.01741,0.02569,0.01838,0.3932,0.3969,
1.48,0.2065,0.05949,0.01095,0.007788,0.04689,0.02164,0.004693,0.01737,0.02574,0.01887,0.393,0.3936,
1.485,0.2188,0.06009,0.01098,0.00778,0.04681,0.02164,0.004655,0.01735,0.02575,0.02019,0.3925,0.3922,
1.485,0.2134,0.05921,0.01105,0.007775,0.0469,0.02167,0.004615,0.01761,0.02559,0.02034,0.3925,0.3927,
1.481,0.2194,0.05772,0.01093,0.007761,0.04677,0.02168,0.004598,0.01764,0.02582,0.02007,0.3926,0.3944,
1.486,0.2185,0.05947,0.01095,0.007762,0.04667,0.02167,0.004666,0.0176,0.02609,0.02057,0.3924,0.3922,
1.486,0.2264,0.05851,0.01098,0.007773,0.04655,0.02173,0.004616,0.02034,0.02336,0.02075,0.3924,0.393,
1.482,0.2269,0.0569,0.01094,0.00777,0.04657,0.02169,0.004532,0.0234,0.0205,0.02056,0.3925,0.3947,
1.479,0.2247,0.05554,0.01095,0.00777,0.04664,0.02154,0.004533,0.02338,0.02062,0.02041,0.3925,0.3961,
1.489,0.2245,0.05901,0.01098,0.007757,0.0466,0.02131,0.004527,0.02335,0.02084,0.02145,0.392,0.3921,
1.492,0.2186,0.05886,0.01103,0.007769,0.04672,0.02133,0.004639,0.02329,0.02088,0.02233,0.3917,0.3915,
1.494,0.2049,0.0589,0.01104,0.007777,0.04669,0.02128,0.004667,0.0233,0.02079,0.02322,0.3914,0.391,
1.494,0.2073,0.05835,0.01116,0.007781,0.04683,0.02135,0.004777,0.02317,0.02123,0.02275,0.3914,0.3912,
1.492,0.221,0.05752,0.01112,0.00779,0.04671,0.02124,0.004783,0.02313,0.02147,0.02252,0.3915,0.3922,
1.491,0.2088,0.05695,0.01115,0.00779,0.04662,0.0212,0.004862,0.02308,0.02174,0.02222,0.3916,0.3928,
1.489,0.2087,0.05647,0.0112,0.007797,0.04664,0.02106,0.004803,0.02312,0.0217,0.02223,0.3916,0.3934,
1.495,0.2101,0.05821,0.01129,0.007791,0.04676,0.02097,0.004879,0.02311,0.02169,0.02289,0.3914,0.391,
1.497,0.2331,0.0582,0.01135,0.007788,0.0468,0.02079,0.006583,0.02139,0.02172,0.02284,0.3913,0.3912,
1.495,0.2152,0.05714,0.01137,0.007796,0.04676,0.02073,0.006536,0.02151,0.02164,0.02277,0.3914,0.3923,
1.494,0.2136,0.05668,0.01133,0.007805,0.04674,0.02074,0.006616,0.02144,0.02183,0.02259,0.3915,0.3927,
1.496,0.2246,0.05707,0.01128,0.007784,0.04671,0.02085,0.006622,0.02137,0.02196,0.02289,0.3913,0.3922,
1.495,0.2322,0.05668,0.01136,0.007798,0.0467,0.02077,0.006585,0.02138,0.02236,0.02243,0.3914,0.3925,
1.491,0.2244,0.05502,0.01136,0.007802,0.04664,0.02076,0.0066,0.02144,0.02237,0.02228,0.3915,0.3943,
1.489,0.225,0.05405,0.01136,0.007818,0.04653,0.0206,0.006682,0.0215,0.02239,0.02213,0.3915,0.3954,
1.486,0.219,0.05338,0.01137,0.007834,0.04664,0.02035,0.006741,0.02145,0.02275,0.02148,0.3917,0.3963,
1.483,0.2201,0.05226,0.0114,0.007833,0.04659,0.0201,0.006875,0.02143,0.02268,0.02144,0.3918,0.3976,
1.497,0.2102,0.05829,0.01145,0.007855,0.04671,0.02005,0.006863,0.02147,0.0226,0.02201,0.3911,0.3916,
1.493,0.2069,0.05715,0.01129,0.007843,0.04658,0.01984,0.006938,0.02139,0.02268,0.02191,0.3916,0.3927,
1.493,0.2096,0.05822,0.01138,0.007844,0.04642,0.02224,0.004468,0.02133,0.02264,0.02255,0.3915,0.3914,
1.494,0.2071,0.0582,0.0114,0.007793,0.04638,0.02222,0.004585,0.02132,0.02274,0.02263,0.3914,0.3913,
1.494,0.2067,0.05799,0.01141,0.007799,0.04641,0.02217,0.004668,0.02132,0.02279,0.02271,0.3914,0.3914,
1.494,0.2055,0.05732,0.01144,0.007778,0.04641,0.0221,0.004715,0.0215,0.02265,0.02283,0.3914,0.3919,
1.494,0.2065,0.05699,0.01135,0.007782,0.04621,0.02209,0.00479,0.02141,0.02272,0.02351,0.3912,0.392,
1.491,0.2058,0.05576,0.01128,0.007783,0.0461,0.02193,0.00482,0.0214,0.02293,0.02328,0.3913,0.3934,
1.49,0.2091,0.05377,0.0113,0.007783,0.04708,0.02197,0.004862,0.02136,0.02318,0.02299,0.3913,0.3943,
1.488,0.2102,0.05346,0.01128,0.007787,0.04707,0.02184,0.005027,0.02124,0.02363,0.02243,0.3914,0.3948,
1.485,0.2149,0.05212,0.01115,0.007789,0.0471,0.02192,0.005116,0.02133,0.02365,0.02188,0.3917,0.3963,
1.482,0.2138,0.05163,0.01116,0.007789,0.04718,0.02169,0.005108,0.02127,0.02367,0.02153,0.3919,0.3971,
1.478,0.2207,0.05005,0.01108,0.007797,0.04726,0.02155,0.005203,0.02117,0.0239,0.02103,0.392,0.399,
1.491,0.2133,0.05662,0.01113,0.007791,0.04713,0.02153,0.005284,0.02101,0.02404,0.02114,0.392,0.3923,
1.49,0.219,0.05611,0.01113,0.00781,0.04705,0.02145,0.005517,0.0208,0.02412,0.02092,0.3921,0.393,
1.488,0.2441,0.05539,0.01103,0.007806,0.04718,0.02137,0.005468,0.02076,0.02444,0.02074,0.3921,0.3937,
1.486,0.2316,0.05441,0.01101,0.007822,0.04722,0.02141,0.005598,0.02064,0.02452,0.02047,0.3922,0.3947,
1.49,0.2157,0.05668,0.01103,0.007815,0.04708,0.02083,0.005481,0.02069,0.02467,0.02096,0.392,0.3928,
1.485,0.2152,0.05459,0.01099,0.007805,0.047,0.02064,0.005546,0.02063,0.02473,0.02083,0.3921,0.3952,
1.493,0.2222,0.05784,0.01102,0.007758,0.04696,0.02074,0.005492,0.02057,0.02471,0.02142,0.3919,0.3916,
1.493,0.218,0.05716,0.01098,0.00778,0.04686,0.02076,0.00559,0.02043,0.02481,0.0218,0.3918,0.3921,
1.492,0.2019,0.05689,0.011,0.007788,0.04676,0.02079,0.005572,0.02048,0.02478,0.02172,0.3918,0.3924,
1.489,0.2013,0.05598,0.01074,0.007809,0.04677,0.02076,0.005728,0.02028,0.02504,0.02144,0.3919,0.3936,
1.487,0.2221,0.05386,0.01074,0.007754,0.04681,0.0207,0.008716,0.01745,0.02518,0.02113,0.3919,0.3958,
1.494,0.2103,0.05707,0.01065,0.007782,0.0468,0.02065,0.008755,0.01736,0.02537,0.02111,0.3919,0.3926,
1.495,0.2155,0.05784,0.01067,0.007786,0.04672,0.02068,0.008726,0.01737,0.02567,0.02068,0.392,0.3919,
1.491,0.2189,0.05605,0.01066,0.007755,0.04668,0.02069,0.008678,0.01746,0.02589,0.02029,0.3921,0.3937,
1.489,0.2215,0.05527,0.0107,0.007762,0.04659,0.02044,0.008848,0.01902,0.02418,0.02029,0.3922,0.3947,
1.489,0.2151,0.05434,0.01068,0.007781,0.04654,0.02042,0.01129,0.01951,0.02126,0.02018,0.3922,0.3958,
1.487,0.205,0.05376,0.01068,0.007782,0.04662,0.02024,0.01126,0.01953,0.02137,0.01991,0.3923,0.3965,
1.498,0.2085,0.05824,0.01067,0.007723,0.04654,0.02021,0.01133,0.01946,0.02141,0.02083,0.3919,0.3917,
1.5,0.2098,0.05807,0.01071,0.007727,0.04645,0.02023,0.01132,0.01947,0.02192,0.0211,0.3917,0.3914,
1.496,0.2388,0.05645,0.01064,0.007725,0.04638,0.02028,0.01132,0.01946,0.02208,0.0209,0.3917,0.393,
1.493,0.2077,0.05479,0.01067,0.007681,0.04635,0.0202,0.01148,0.01932,0.02232,0.02062,0.3918,0.3948,
1.499,0.1964,0.05709,0.01065,0.007635,0.04624,0.02017,0.01154,0.0192,0.02256,0.02118,0.3915,0.3922,
1.494,0.1978,0.05508,0.01066,0.007614,0.04644,0.02021,0.01151,0.01931,0.0228,0.02055,0.3917,0.3941,
1.492,0.1979,0.05451,0.01055,0.007636,0.04649,0.01999,0.01152,0.01924,0.02339,0.01997,0.3916,0.3951,
1.488,0.1947,0.05313,0.01045,0.007611,0.04635,0.01971,0.01157,0.01915,0.02377,0.01955,0.3917,0.397,
1.499,0.1922,0.05884,0.01043,0.007619,0.04628,0.01975,0.01145,0.01922,0.02376,0.0196,0.3917,0.3914,
1.496,0.1948,0.05757,0.01044,0.007639,0.04656,0.01986,0.01143,0.01914,0.02389,0.01934,0.3918,0.3923,
1.499,0.1954,0.05774,0.01044,0.007642,0.04649,0.01973,0.01144,0.01924,0.02389,0.0201,0.3916,0.3917,
1.499,0.1952,0.05776,0.01045,0.007642,0.04643,0.02093,0.01019,0.01926,0.02399,0.02045,0.3914,0.3915,
1.5,0.1976,0.058,0.01044,0.007647,0.04644,0.02087,0.0101,0.0193,0.02403,0.02079,0.391,0.3913,
1.496,0.1975,0.05631,0.01043,0.007646,0.04646,0.02087,0.01006,0.01922,0.02428,0.02041,0.3914,0.3929,
1.499,0.1964,0.05774,0.01041,0.007648,0.0464,0.02092,0.01003,0.01919,0.02431,0.0206,0.3913,0.3915,
1.497,0.1988,0.05662,0.01043,0.007658,0.04641,0.02093,0.01005,0.01924,0.0245,0.0203,0.3913,0.3925,
1.503,0.1985,0.05796,0.01041,0.00764,0.04646,0.02074,0.01001,0.01918,0.02456,0.02163,0.3908,0.3906,
1.5,0.2004,0.05709,0.01036,0.007659,0.04644,0.02049,0.01006,0.01921,0.02456,0.02148,0.3909,0.3917,
1.498,0.2049,0.05626,0.0104,0.007679,0.04668,0.0199,0.01013,0.0191,0.02471,0.02135,0.391,0.3928,
1.496,0.2063,0.05569,0.01042,0.007679,0.04664,0.01991,0.01016,0.01898,0.02487,0.02119,0.3911,0.3934,
1.494,0.2049,0.05489,0.01037,0.007671,0.04667,0.01987,0.0102,0.01902,0.02497,0.02092,0.3911,0.3943,
1.505,0.2035,0.05818,0.01041,0.007668,0.04677,0.01995,0.01029,0.01896,0.02492,0.02235,0.3897,0.3908,
1.501,0.208,0.05644,0.01025,0.007652,0.0467,0.01982,0.01036,0.01905,0.02466,0.02233,0.3906,0.3921,
1.497,0.2109,0.05507,0.01022,0.007658,0.04664,0.01958,0.0107,0.01875,0.02473,0.02209,0.3907,0.3939,
1.503,0.2125,0.05815,0.01024,0.007669,0.04657,0.01937,0.01193,0.01763,0.0249,0.022,0.3907,0.3908,
1.502,0.2184,0.0577,0.01026,0.007676,0.04658,0.01931,0.01194,0.01762,0.02487,0.02183,0.3909,0.3913,
1.504,0.2132,0.05775,0.01026,0.007668,0.04653,0.01941,0.012,0.01754,0.02467,0.02282,0.3906,0.3908,
1.507,0.2132,0.05815,0.01025,0.007662,0.04643,0.01948,0.012,0.01747,0.02488,0.02341,0.3903,0.39,
1.504,0.2127,0.05701,0.01027,0.007644,0.04643,0.0195,0.01202,0.01749,0.0249,0.02315,0.3904,0.3912,
1.506,0.2218,0.05708,0.01026,0.007658,0.04674,0.01963,0.01552,0.01383,0.0249,0.02345,0.3902,0.3907,
1.505,0.2224,0.05649,0.01029,0.007673,0.04666,0.01949,0.01564,0.01377,0.02503,0.02326,0.3904,0.3914,
1.507,0.2257,0.05738,0.01039,0.007683,0.04667,0.02183,0.01359,0.01349,0.02505,0.02374,0.3902,0.39,
1.503,0.2261,0.05523,0.01035,0.007663,0.04666,0.02186,0.01381,0.01341,0.0249,0.02361,0.3903,0.3922,
1.502,0.2207,0.05469,0.01036,0.007662,0.04664,0.0219,0.0138,0.01333,0.02505,0.02346,0.3903,0.3928,
1.5,0.2452,0.0541,0.01038,0.007662,0.04659,0.0219,0.01365,0.0134,0.02543,0.02299,0.3904,0.3935,
1.497,0.243,0.05318,0.01033,0.007666,0.04641,0.02176,0.01367,0.01347,0.02543,0.02291,0.3905,0.3946,
1.494,0.2503,0.05242,0.01037,0.00768,0.04639,0.02399,0.01141,0.01331,0.02554,0.0228,0.3906,0.3955,
1.504,0.2379,0.0569,0.01038,0.007676,0.04629,0.02401,0.01138,0.01344,0.02553,0.02316,0.3905,0.3907,
1.505,0.2354,0.05754,0.01038,0.007692,0.04618,0.02376,0.01146,0.01338,0.0255,0.02341,0.3905,0.3902,
1.505,0.2338,0.05719,0.01039,0.007694,0.04618,0.02367,0.01155,0.01349,0.02528,0.02392,0.3903,0.3903,
1.502,0.2352,0.05583,0.01031,0.00766,0.0461,0.02359,0.01153,0.01349,0.02535,0.02378,0.3904,0.392,
1.504,0.2261,0.05863,0.01033,0.007659,0.04607,0.02272,0.0114,0.01345,0.0256,0.02358,0.3904,0.3902,
1.505,0.2232,0.05796,0.01034,0.007657,0.04599,0.02262,0.01137,0.01345,0.02552,0.0247,0.39,0.3904,
1.504,0.2234,0.05758,0.01038,0.007666,0.04594,0.02253,0.01138,0.0137,0.0253,0.02464,0.3901,0.3908,
1.5,0.2284,0.05531,0.01043,0.007668,0.04589,0.02251,0.01138,0.01366,0.02516,0.02464,0.3901,0.3932,
1.507,0.2335,0.05837,0.01044,0.00767,0.046,0.02245,0.01134,0.01372,0.0252,0.02524,0.3899,0.3897,
1.497,0.217,0.0576,0.01049,0.007677,0.04604,0.0201,0.01085,0.01351,0.02525,0.02507,0.3899,0.3935,
1.495,0.2565,0.05745,0.0105,0.007685,0.04604,0.02013,0.01091,0.02665,0.01208,0.02501,0.3899,0.3936,
1.494,0.2217,0.05713,0.01048,0.007686,0.0459,0.02012,0.01097,0.02662,0.01236,0.02458,0.3901,0.3941,
1.502,0.2226,0.06128,0.01056,0.007693,0.04587,0.02018,0.01099,0.0266,0.01237,0.02449,0.3901,0.3898,
1.505,0.2271,0.0612,0.01058,0.007712,0.04587,0.02033,0.01092,0.02661,0.01235,0.02555,0.3893,0.3896,
1.503,0.2195,0.06045,0.01059,0.007714,0.04582,0.02024,0.01091,0.02659,0.0123,0.02554,0.3898,0.39,
1.505,0.2192,0.06066,0.01061,0.007728,0.04566,0.02032,0.01102,0.02648,0.01254,0.02557,0.3898,0.3896,
1.504,0.2186,0.06058,0.0106,0.00775,0.04563,0.02028,0.01107,0.02644,0.01249,0.02542,0.3899,0.3898,
1.503,0.2221,0.05993,0.01066,0.00776,0.04577,0.02022,0.01109,0.02636,0.0125,0.02528,0.39,0.3904,
1.5,0.2243,0.05876,0.01068,0.007764,0.04591,0.02007,0.01124,0.02621,0.01254,0.0249,0.3902,0.3917,
