entropy,entropyInd,RabA,RabB,RabC,RabD,RabE,RabF,RabG,RabH,RabI,xER,xPM,
1.463,0.2779,0.05411,0.01193,0.008016,0.04717,0.02351,0.01285,0.01673,0.01456,0.01487,0.3948,0.4014,
1.478,0.2554,0.06067,0.01192,0.008009,0.04704,0.02348,0.01279,0.01671,0.01454,0.0157,0.3947,0.3944,
1.478,0.267,0.06064,0.01192,0.00801,0.04698,0.02356,0.01272,0.01671,0.01455,0.0157,0.3947,0.3945,
1.477,0.2579,0.06064,0.01192,0.00801,0.04692,0.02355,0.01261,0.01671,0.01455,0.0157,0.3948,0.3946,
1.477,0.2596,0.06062,0.01192,0.008011,0.04678,0.02368,0.0124,0.01672,0.01455,0.0157,0.3948,0.3948,
1.476,0.2602,0.06054,0.01192,0.008011,0.04673,0.02376,0.01231,0.01672,0.01455,0.01571,0.3949,0.3949,
1.476,0.2607,0.06048,0.01191,0.008012,0.04662,0.02371,0.01224,0.01672,0.01455,0.01571,0.395,0.3951,
1.475,0.2575,0.0604,0.0119,0.008012,0.04653,0.02354,0.01216,0.01672,0.01456,0.01571,0.3951,0.3954,
1.474,0.255,0.06034,0.0119,0.008012,0.0465,0.02356,0.01206,0.01673,0.01456,0.01571,0.3951,0.3955,
1.477,0.2571,0.06093,0.01189,0.008008,0.04644,0.02336,0.01204,0.01672,0.01455,0.01647,0.3949,0.3947,
1.478,0.2441,0.06119,0.01188,0.008003,0.0463,0.02345,0.01193,0.01671,0.01454,0.01699,0.3947,0.3943,
1.481,0.243,0.06171,0.01173,0.007984,0.04627,0.0233,0.01181,0.01669,0.01454,0.01814,0.3936,0.3942,
1.479,0.2483,0.06084,0.01162,0.007962,0.04611,0.02295,0.01166,0.01666,0.01452,0.01877,0.3941,0.3948,
1.478,0.2366,0.06052,0.01152,0.007887,0.04605,0.02294,0.01151,0.01666,0.01452,0.01918,0.394,0.3952,
1.475,0.2429,0.05887,0.01142,0.007886,0.04599,0.02301,0.01144,0.01666,0.01452,0.01918,0.3941,0.397,
1.479,0.2369,0.06108,0.01135,0.007875,0.04592,0.02299,0.0114,0.01666,0.01452,0.01948,0.394,0.3947,
1.476,0.2275,0.05966,0.0112,0.007805,0.04584,0.023,0.0114,0.01666,0.01452,0.01948,0.3941,0.3964,
1.48,0.2238,0.06174,0.01116,0.007801,0.04571,0.02281,0.01136,0.01665,0.01451,0.02,0.3939,0.3943,
1.481,0.2429,0.06219,0.01115,0.007798,0.04564,0.02276,0.01128,0.01665,0.01451,0.02041,0.3938,0.3938,
1.477,0.233,0.06044,0.01109,0.007795,0.04558,0.02255,0.01122,0.01665,0.01451,0.02041,0.394,0.3958,
1.481,0.234,0.06233,0.01103,0.007789,0.04548,0.02249,0.01116,0.01664,0.01451,0.02087,0.3939,0.3938,
1.481,0.2199,0.06222,0.01101,0.007773,0.04531,0.02241,0.01114,0.01663,0.01451,0.02136,0.3938,0.3939,
1.473,0.2321,0.06006,0.01086,0.007744,0.04528,0.02561,0.007865,0.01661,0.01451,0.02136,0.3939,0.3962,
1.47,0.2154,0.05882,0.01076,0.007712,0.04523,0.0256,0.007776,0.0166,0.01451,0.02137,0.3939,0.3977,
1.469,0.2171,0.0584,0.01075,0.007713,0.04513,0.02554,0.007734,0.0166,0.01451,0.02137,0.394,0.3982,
1.466,0.2174,0.0573,0.01072,0.007713,0.0451,0.02549,0.007693,0.0166,0.01451,0.02137,0.394,0.3995,
1.463,0.2184,0.05603,0.0107,0.007709,0.04507,0.02541,0.007615,0.01659,0.01452,0.02137,0.3941,0.4009,
1.476,0.2199,0.06305,0.01069,0.007701,0.045,0.02498,0.007479,0.01654,0.01451,0.02217,0.3936,0.3943,
1.473,0.2216,0.06171,0.01068,0.0077,0.04493,0.02478,0.007478,0.01654,0.01451,0.02216,0.3939,0.3956,
1.469,0.2129,0.06064,0.01064,0.0077,0.0449,0.02444,0.007364,0.01654,0.01451,0.02217,0.394,0.3971,
1.475,0.22,0.06273,0.01053,0.00769,0.04484,0.0244,0.007315,0.01654,0.01451,0.02299,0.3932,0.3952,
1.469,0.2199,0.06051,0.01045,0.007664,0.04502,0.02393,0.007405,0.01646,0.01472,0.02257,0.3939,0.3974,
1.476,0.2136,0.06422,0.01055,0.00768,0.04493,0.02366,0.007431,0.01658,0.01468,0.02255,0.3938,0.3939,
1.476,0.2107,0.06458,0.01053,0.007692,0.04492,0.02331,0.007423,0.01656,0.01513,0.02228,0.3938,0.3938,
1.476,0.2131,0.06455,0.01057,0.007706,0.04496,0.02308,0.007431,0.01652,0.01521,0.02256,0.3935,0.3939,
1.475,0.2333,0.06397,0.01059,0.007709,0.04494,0.02295,0.007534,0.01646,0.01517,0.02241,0.3938,0.3945,
1.472,0.2135,0.06331,0.01056,0.007628,0.0448,0.02287,0.007543,0.0164,0.01526,0.02226,0.394,0.3954,
1.476,0.2297,0.06406,0.01051,0.007653,0.0448,0.02268,0.01161,0.01228,0.01571,0.02243,0.3939,0.3944,
1.472,0.2388,0.0618,0.0106,0.007658,0.04482,0.0226,0.01165,0.01225,0.01574,0.02233,0.3939,0.3967,
1.48,0.2096,0.06511,0.0106,0.007673,0.04491,0.02252,0.01168,0.01224,0.01583,0.02298,0.393,0.3934,
1.476,0.2112,0.06334,0.01061,0.007664,0.04505,0.02237,0.01165,0.01218,0.01616,0.02247,0.3937,0.3948,
1.478,0.2266,0.06418,0.01064,0.007683,0.04494,0.02206,0.01354,0.01024,0.0166,0.02236,0.3937,0.394,
1.478,0.2306,0.06478,0.01066,0.007698,0.04492,0.02212,0.01372,0.01001,0.0166,0.02222,0.3938,0.3934,
1.477,0.2304,0.06371,0.01058,0.007671,0.04484,0.02215,0.01384,0.009887,0.0169,0.02228,0.3937,0.3945,
1.474,0.2287,0.06275,0.01058,0.007679,0.04481,0.02202,0.01375,0.009878,0.01703,0.02211,0.3937,0.3957,
1.472,0.2276,0.06144,0.0106,0.007672,0.04475,0.02206,0.0138,0.009801,0.01722,0.02186,0.3938,0.397,
1.477,0.2286,0.06376,0.01061,0.007667,0.04498,0.02182,0.01383,0.009719,0.01832,0.02112,0.3938,0.3944,
1.475,0.2245,0.06288,0.01058,0.007705,0.04507,0.02174,0.01385,0.009603,0.0191,0.02028,0.3939,0.3953,
1.478,0.2202,0.06358,0.01062,0.007717,0.04529,0.02161,0.0138,0.009558,0.01911,0.02087,0.3937,0.3942,
1.478,0.224,0.06318,0.01066,0.007716,0.04555,0.02154,0.0138,0.009523,0.01951,0.02078,0.3937,0.3941,
1.482,0.2342,0.0638,0.01067,0.007713,0.04544,0.0217,0.01378,0.009398,0.01961,0.02169,0.3933,0.3929,
1.485,0.2277,0.06323,0.01079,0.007691,0.0454,0.02217,0.01321,0.009304,0.01989,0.02301,0.3927,0.3927,
1.487,0.2245,0.06352,0.01072,0.007686,0.04544,0.02225,0.01311,0.009298,0.02017,0.02337,0.3924,0.392,
1.484,0.2337,0.06201,0.01068,0.00769,0.04533,0.0222,0.0132,0.009182,0.02031,0.02314,0.3925,0.3937,
1.481,0.2254,0.06141,0.01068,0.007694,0.04521,0.02214,0.01295,0.009255,0.02024,0.02314,0.3926,0.3946,
1.478,0.2421,0.05998,0.0107,0.007699,0.04529,0.02217,0.01291,0.009106,0.02044,0.02286,0.3928,0.3961,
1.485,0.2193,0.06311,0.01071,0.007696,0.0452,0.02214,0.01282,0.009142,0.02038,0.02342,0.3926,0.3928,
1.483,0.2193,0.06184,0.01079,0.007707,0.04541,0.02209,0.01284,0.009176,0.02037,0.02336,0.3926,0.3938,
1.485,0.2189,0.06266,0.01073,0.007718,0.04537,0.02207,0.01276,0.009221,0.02044,0.02345,0.3926,0.393,
1.481,0.2221,0.06113,0.01071,0.007743,0.04545,0.02184,0.01274,0.009164,0.0206,0.0233,0.3926,0.3947,
1.48,0.2238,0.06064,0.01074,0.007752,0.04555,0.02181,0.01273,0.009166,0.0209,0.02291,0.3927,0.3951,
1.479,0.2433,0.06015,0.01075,0.007754,0.04556,0.0217,0.01279,0.009078,0.02138,0.02237,0.3928,0.3956,
1.476,0.2322,0.05855,0.01076,0.007743,0.04549,0.02181,0.0127,0.009055,0.0215,0.02225,0.3929,0.3972,
1.47,0.2284,0.05591,0.01066,0.007718,0.04551,0.02177,0.01266,0.009046,0.0216,0.02215,0.393,0.4,
1.467,0.2262,0.0554,0.01069,0.007672,0.04545,0.02152,0.01265,0.009038,0.02221,0.02129,0.3932,0.4009,
1.48,0.2121,0.06154,0.01072,0.007649,0.04534,0.02149,0.01267,0.008986,0.02225,0.02185,0.393,0.3945,
1.478,0.2382,0.06038,0.01078,0.00765,0.04542,0.0214,0.01262,0.008947,0.02239,0.02171,0.393,0.3957,
1.485,0.2102,0.06234,0.01074,0.007645,0.04552,0.02139,0.01268,0.008963,0.02252,0.02262,0.3925,0.3931,
1.48,0.2159,0.06117,0.01065,0.007648,0.04543,0.02397,0.01018,0.008893,0.02264,0.02225,0.3929,0.3943,
1.477,0.2171,0.06007,0.0107,0.007651,0.04536,0.02393,0.01016,0.008839,0.02275,0.02206,0.393,0.3955,
1.474,0.2182,0.05829,0.01066,0.007669,0.04562,0.02391,0.01005,0.00883,0.02286,0.02195,0.3931,0.397,
1.471,0.2188,0.05728,0.01068,0.007674,0.04558,0.02392,0.01002,0.008822,0.02298,0.02184,0.3932,0.3981,
1.478,0.2164,0.06063,0.01058,0.007668,0.04566,0.02396,0.009976,0.008853,0.02313,0.02185,0.3932,0.3945,
1.477,0.2197,0.06021,0.0106,0.007685,0.04552,0.02395,0.009914,0.008856,0.02313,0.02182,0.3933,0.395,
1.481,0.2214,0.06178,0.01063,0.007708,0.04555,0.02395,0.009873,0.008845,0.02313,0.02205,0.3933,0.3932,
1.476,0.2233,0.06019,0.01062,0.00771,0.04552,0.02365,0.009737,0.008908,0.02314,0.02199,0.3933,0.3953,
1.482,0.2182,0.06258,0.01053,0.007707,0.04554,0.02346,0.009738,0.008899,0.02323,0.02278,0.3925,0.3931,
1.48,0.2177,0.0615,0.01054,0.007705,0.04547,0.02336,0.009809,0.008796,0.02333,0.02263,0.393,0.3938,
1.477,0.2182,0.06087,0.01056,0.00772,0.04542,0.02317,0.009769,0.008787,0.02338,0.02241,0.3933,0.3947,
1.479,0.2228,0.06099,0.0106,0.00772,0.04548,0.023,0.009797,0.008831,0.02359,0.02252,0.3932,0.3943,
1.482,0.2221,0.06239,0.0105,0.007722,0.04551,0.02288,0.009809,0.008749,0.02374,0.023,0.3928,0.3929,
1.483,0.2275,0.0628,0.01055,0.007737,0.04548,0.02286,0.009855,0.00863,0.02461,0.02225,0.3928,0.3924,
1.486,0.2218,0.0626,0.01059,0.007748,0.04542,0.02276,0.009882,0.008594,0.02482,0.02333,0.3919,0.3923,
1.486,0.219,0.06227,0.01061,0.00775,0.04536,0.02279,0.009834,0.008587,0.02507,0.02331,0.3923,0.3921,
1.484,0.2169,0.06124,0.01064,0.007767,0.04531,0.02291,0.009836,0.008541,0.02508,0.02324,0.3924,0.393,
1.482,0.2228,0.06037,0.01065,0.007771,0.04544,0.02284,0.009792,0.008626,0.02525,0.02287,0.3925,0.3939,
1.482,0.2355,0.05866,0.01063,0.007796,0.04562,0.02294,0.0097,0.01199,0.02214,0.02257,0.3926,0.3954,
1.48,0.2373,0.05741,0.01071,0.00782,0.04561,0.02298,0.009671,0.01199,0.02219,0.02244,0.3927,0.3965,
1.475,0.2327,0.05574,0.01063,0.007804,0.04546,0.02286,0.009625,0.01202,0.02226,0.02216,0.3927,0.3987,
1.487,0.2228,0.0619,0.0107,0.007813,0.04545,0.02273,0.01236,0.009239,0.02234,0.02236,0.3927,0.3924,
1.486,0.223,0.06142,0.01063,0.007796,0.04537,0.02266,0.01228,0.009315,0.0224,0.02271,0.3926,0.3929,
1.486,0.2193,0.06136,0.01055,0.007812,0.04538,0.02253,0.0124,0.009153,0.02241,0.02304,0.3923,0.3931,
1.485,0.2291,0.06061,0.01054,0.007823,0.04545,0.02247,0.0124,0.009112,0.02244,0.02299,0.3926,0.3936,
1.483,0.2345,0.05946,0.01062,0.007829,0.04537,0.02243,0.0124,0.009429,0.0223,0.02267,0.3927,0.3948,
1.481,0.2254,0.05899,0.0107,0.007836,0.04528,0.02202,0.01242,0.00938,0.02271,0.02227,0.3927,0.3957,
1.478,0.2214,0.0581,0.01065,0.007848,0.04529,0.02192,0.01229,0.009421,0.02284,0.02203,0.3928,0.3968,
1.476,0.2198,0.05753,0.01063,0.007828,0.04531,0.02193,0.01234,0.009472,0.02282,0.02172,0.393,0.3975,
1.487,0.2227,0.06205,0.01066,0.007781,0.04525,0.02201,0.01223,0.009464,0.02296,0.02244,0.3927,0.3925,
1.485,0.2192,0.0611,0.01076,0.00779,0.04532,0.02188,0.01219,0.00953,0.02299,0.02235,0.3927,0.3934,
1.483,0.214,0.06008,0.01076,0.007797,0.04578,0.02183,0.01211,0.009573,0.0232,0.02192,0.3929,0.3941,
1.486,0.2103,0.06143,0.01072,0.007795,0.04576,0.02166,0.01202,0.00964,0.02311,0.02233,0.3928,0.3927,
1.483,0.2099,0.06045,0.01068,0.007761,0.04561,0.02146,0.01193,0.009702,0.02345,0.02192,0.3929,0.3941,
1.48,0.2097,0.05905,0.01078,0.007771,0.04556,0.02153,0.01181,0.009774,0.02345,0.02185,0.393,0.3954,
1.478,0.2111,0.05842,0.01079,0.007768,0.04549,0.02158,0.01181,0.009813,0.02347,0.02161,0.3931,0.3961,
1.486,0.207,0.06109,0.01083,0.007773,0.0458,0.02153,0.01177,0.009783,0.02361,0.02208,0.3926,0.3931,
1.482,0.2125,0.05914,0.01089,0.007767,0.04594,0.02152,0.01181,0.009835,0.02396,0.02143,0.3931,0.3946,
1.48,0.2083,0.05838,0.01092,0.007784,0.04622,0.02137,0.01183,0.009774,0.02397,0.0213,0.3933,0.3952,
1.478,0.2192,0.05748,0.01109,0.007761,0.04624,0.02115,0.01173,0.009815,0.02401,0.02123,0.3932,0.3963,
1.483,0.2146,0.05958,0.01104,0.007776,0.04613,0.02118,0.01169,0.00985,0.02396,0.02181,0.3931,0.3939,
1.482,0.213,0.05891,0.01112,0.007778,0.04632,0.02127,0.01164,0.01026,0.02345,0.02159,0.3933,0.3944,
1.479,0.2073,0.05718,0.01113,0.007807,0.04664,0.0211,0.01161,0.01027,0.02347,0.02143,0.3933,0.396,
1.479,0.2127,0.0569,0.01115,0.007812,0.04688,0.0211,0.01161,0.01035,0.02381,0.02086,0.3935,0.3961,
1.484,0.2047,0.0595,0.0111,0.007819,0.04677,0.02107,0.01138,0.01037,0.02388,0.02123,0.3933,0.3936,
1.484,0.1988,0.05926,0.01112,0.007823,0.0468,0.02107,0.01139,0.01042,0.02389,0.02141,0.3933,0.3935,
1.481,0.2052,0.05758,0.01125,0.007837,0.04692,0.02107,0.01131,0.01042,0.02409,0.02123,0.3933,0.395,
1.476,0.2115,0.05559,0.01126,0.007836,0.04687,0.02091,0.01244,0.009237,0.02408,0.02117,0.3933,0.3973,
1.475,0.2137,0.05479,0.01126,0.007847,0.04688,0.0209,0.01238,0.009252,0.02423,0.02099,0.3934,0.3981,
1.484,0.2123,0.05965,0.01125,0.007845,0.04691,0.02198,0.0113,0.009341,0.02427,0.02092,0.3935,0.393,
1.482,0.2068,0.05894,0.01131,0.007847,0.04693,0.02194,0.01131,0.009239,0.02435,0.02065,0.3935,0.3939,
1.48,0.2102,0.05812,0.01137,0.00779,0.04698,0.02191,0.01125,0.00932,0.02432,0.02054,0.3936,0.3948,
1.486,0.2058,0.05936,0.01142,0.007793,0.04699,0.02191,0.01132,0.009247,0.02475,0.02128,0.3925,0.3934,
1.485,0.2048,0.05849,0.01134,0.007793,0.04689,0.02184,0.01141,0.009151,0.02479,0.02178,0.393,0.3935,
1.48,0.2069,0.05634,0.01136,0.007796,0.04688,0.02201,0.01128,0.009252,0.02474,0.02141,0.3933,0.3956,
1.477,0.2051,0.05535,0.01138,0.007805,0.04707,0.02182,0.01125,0.009297,0.02478,0.02116,0.3933,0.3967,
1.485,0.2079,0.05883,0.01136,0.00782,0.04705,0.0218,0.01124,0.009291,0.02503,0.02134,0.3932,0.3931,
1.485,0.2097,0.0587,0.01135,0.007843,0.04707,0.0218,0.01127,0.009448,0.02479,0.0215,0.3932,0.3931,
1.482,0.2115,0.05721,0.01116,0.007843,0.04718,0.02183,0.01123,0.009401,0.02486,0.02135,0.3933,0.3946,
1.486,0.2112,0.05833,0.0112,0.007844,0.0473,0.02195,0.01112,0.009482,0.02508,0.02156,0.3929,0.3933,
1.482,0.2196,0.05684,0.01108,0.007842,0.04729,0.02194,0.01115,0.009367,0.02507,0.02155,0.3933,0.3946,
1.477,0.2175,0.05568,0.01105,0.007836,0.04742,0.02138,0.01109,0.009332,0.02572,0.02075,0.3936,0.3962,
1.477,0.2151,0.0553,0.01111,0.007848,0.04743,0.02157,0.01099,0.009332,0.02575,0.02066,0.3936,0.3964,
1.483,0.2264,0.05833,0.01113,0.007849,0.04738,0.02153,0.01108,0.009374,0.0258,0.02061,0.3935,0.3934,
1.48,0.2278,0.05696,0.0111,0.007886,0.04732,0.02164,0.01092,0.009455,0.02571,0.02049,0.3939,0.3947,
1.481,0.2252,0.05711,0.01119,0.007839,0.04725,0.02182,0.01082,0.009401,0.02573,0.02072,0.3937,0.3944,
1.478,0.2303,0.0562,0.01119,0.007847,0.04721,0.02163,0.01075,0.009521,0.026,0.02026,0.3939,0.3955,
1.476,0.237,0.05526,0.01125,0.007857,0.04729,0.02158,0.01075,0.009576,0.02607,0.02001,0.3939,0.3964,
1.475,0.2318,0.05461,0.01125,0.007871,0.04729,0.02166,0.01067,0.009742,0.02627,0.01965,0.394,0.397,
1.474,0.2259,0.05406,0.01125,0.007905,0.04734,0.02171,0.01071,0.009664,0.02631,0.01953,0.3941,0.3974,
1.482,0.2195,0.05745,0.01119,0.007885,0.04742,0.02176,0.01062,0.009734,0.02631,0.01999,0.3937,0.394,
1.484,0.2197,0.05753,0.01115,0.007865,0.04732,0.02178,0.0106,0.00979,0.02612,0.02082,0.3936,0.3934,
1.485,0.2181,0.05742,0.01112,0.007876,0.04731,0.02174,0.01059,0.009741,0.02645,0.02113,0.393,0.3936,
1.485,0.2203,0.05691,0.01124,0.007876,0.04733,0.02175,0.01063,0.009596,0.02671,0.02113,0.3933,0.3935,
1.485,0.2091,0.057,0.01115,0.007877,0.04728,0.02179,0.01059,0.009637,0.0269,0.02107,0.3934,0.3933,
1.483,0.2101,0.05561,0.01118,0.007882,0.04724,0.02186,0.0105,0.009632,0.02692,0.02152,0.3933,0.3944,
1.477,0.2063,0.0533,0.01091,0.007871,0.0472,0.02184,0.01047,0.009673,0.02698,0.02131,0.3933,0.3971,
1.485,0.2062,0.05611,0.01086,0.00791,0.04711,0.0218,0.01074,0.009516,0.02706,0.02213,0.3925,0.3943,
1.488,0.2073,0.05705,0.01085,0.007908,0.04687,0.02161,0.01066,0.009624,0.02724,0.02256,0.3929,0.3927,
1.487,0.2133,0.05639,0.0108,0.007906,0.04671,0.02166,0.01056,0.009574,0.02743,0.02276,0.3929,0.3933,
1.484,0.2129,0.05584,0.01078,0.007921,0.04659,0.02134,0.01049,0.009645,0.02746,0.02255,0.393,0.3944,
1.48,0.201,0.05434,0.01081,0.007921,0.04666,0.02128,0.01046,0.009648,0.02757,0.02225,0.3931,0.3959,
1.478,0.2027,0.05343,0.01078,0.007894,0.04677,0.02093,0.01046,0.009831,0.02743,0.02213,0.3932,0.3971,
1.476,0.2009,0.0531,0.01076,0.007908,0.04678,0.0209,0.01034,0.009811,0.02746,0.02199,0.3934,0.3976,
1.484,0.2004,0.05688,0.0108,0.00793,0.04663,0.02073,0.01029,0.009885,0.02744,0.02253,0.3932,0.3937,
1.486,0.1967,0.0571,0.0108,0.007937,0.04656,0.02068,0.01024,0.009967,0.02731,0.02322,0.3929,0.3933,
1.487,0.2007,0.05724,0.01084,0.007944,0.04645,0.02069,0.01029,0.009916,0.0274,0.02329,0.393,0.393,
1.483,0.2013,0.05569,0.01079,0.00793,0.04639,0.02069,0.01023,0.01005,0.02736,0.02316,0.3933,0.3945,
1.485,0.1979,0.05632,0.01078,0.007928,0.04623,0.02076,0.01024,0.01004,0.02734,0.02326,0.3933,0.3938,
1.481,0.1971,0.05465,0.01075,0.007927,0.04632,0.02069,0.01031,0.009947,0.02735,0.02317,0.3935,0.3954,
1.486,0.1998,0.0569,0.01079,0.007913,0.04626,0.02072,0.01031,0.009947,0.02735,0.0233,0.3934,0.3931,
1.483,0.2179,0.05653,0.01079,0.007922,0.04624,0.02288,0.008147,0.009941,0.02754,0.0229,0.3935,0.3936,
1.484,0.2142,0.056,0.01076,0.007936,0.04687,0.02291,0.008148,0.009964,0.02757,0.02313,0.3935,0.3933,
1.481,0.2091,0.05493,0.01066,0.007946,0.04672,0.02288,0.008132,0.009916,0.02766,0.02305,0.3936,0.3945,
1.475,0.2263,0.05293,0.01042,0.00796,0.04671,0.02281,0.008218,0.009886,0.02753,0.02292,0.3937,0.397,
1.485,0.2169,0.05642,0.01049,0.007974,0.04665,0.02276,0.00818,0.01,0.02778,0.02366,0.3926,0.3935,
1.482,0.2163,0.05503,0.01048,0.007962,0.04669,0.02278,0.008133,0.01003,0.02784,0.02352,0.3934,0.3942,
1.483,0.2177,0.055,0.01049,0.007952,0.04668,0.02283,0.01151,0.00658,0.02789,0.02415,0.3932,0.3937,
1.481,0.2166,0.0541,0.0105,0.007979,0.04665,0.02267,0.01159,0.00655,0.02806,0.02387,0.3933,0.3947,
1.48,0.2173,0.05338,0.0105,0.007994,0.04681,0.02263,0.01158,0.006636,0.02824,0.02361,0.3934,0.3952,
1.478,0.2201,0.05265,0.01046,0.00801,0.04683,0.02267,0.01151,0.006683,0.02825,0.02355,0.3934,0.396,
1.476,0.2041,0.05154,0.01044,0.008016,0.04686,0.02257,0.01155,0.006671,0.02835,0.02337,0.3934,0.3972,
1.484,0.2011,0.05518,0.01038,0.008019,0.04677,0.02256,0.01155,0.006669,0.02835,0.02378,0.3934,0.3934,
1.484,0.1968,0.0553,0.01042,0.008003,0.04666,0.0225,0.01152,0.00662,0.0285,0.02408,0.3933,0.3931,
1.482,0.2,0.05394,0.01033,0.007999,0.04662,0.02246,0.01165,0.006448,0.02861,0.02421,0.3933,0.3944,
1.479,0.1935,0.053,0.01033,0.008004,0.04657,0.0222,0.0117,0.00641,0.02893,0.02381,0.3934,0.3956,
1.483,0.1985,0.0551,0.01037,0.008009,0.04651,0.0222,0.01167,0.006384,0.02897,0.02378,0.3935,0.3935,
1.481,0.1971,0.05433,0.01044,0.008012,0.04654,0.02225,0.01171,0.006316,0.02898,0.02369,0.3936,0.3942,
1.478,0.2001,0.053,0.01048,0.008048,0.04645,0.02215,0.0117,0.006324,0.02912,0.02351,0.3936,0.3956,
1.482,0.1995,0.05495,0.01057,0.008053,0.04639,0.02213,0.01167,0.006314,0.02933,0.02334,0.3936,0.3936,
1.478,0.209,0.05371,0.01048,0.008061,0.04636,0.02214,0.01154,0.006334,0.03023,0.02222,0.3938,0.3951,
1.485,0.1995,0.05496,0.01047,0.00806,0.04659,0.02205,0.01154,0.006316,0.03035,0.02361,0.3929,0.3931,
1.483,0.2133,0.05432,0.01041,0.008042,0.04641,0.022,0.0115,0.006365,0.03068,0.02345,0.3932,0.3937,
1.481,0.2149,0.05381,0.01043,0.008044,0.04643,0.02181,0.01146,0.006423,0.03067,0.02324,0.3933,0.3944,
1.476,0.1977,0.05192,0.009986,0.008073,0.04639,0.02167,0.01142,0.006468,0.03099,0.02287,0.3934,0.3968,
1.483,0.1939,0.05491,0.009995,0.008063,0.04628,0.02169,0.01133,0.006414,0.03106,0.02376,0.3931,0.3934,
1.481,0.1972,0.054,0.01002,0.008072,0.04624,0.02156,0.01126,0.00654,0.03093,0.02377,0.3932,0.3944,
1.478,0.1978,0.05287,0.009949,0.008099,0.04626,0.02131,0.01108,0.006713,0.03112,0.02341,0.3933,0.3959,
1.484,0.1965,0.05609,0.009947,0.007991,0.04615,0.02118,0.01107,0.006831,0.03114,0.02367,0.393,0.3929,
1.485,0.1983,0.05584,0.009936,0.008003,0.04619,0.02113,0.01105,0.006998,0.0313,0.02381,0.393,0.3928,
1.484,0.1996,0.05516,0.009942,0.008027,0.04602,0.02097,0.01106,0.007499,0.03081,0.02374,0.3932,0.3936,
1.481,0.2012,0.05374,0.009938,0.008034,0.04594,0.02112,0.01098,0.007633,0.03076,0.0236,0.3932,0.395,
1.483,0.2019,0.05501,0.009942,0.008032,0.04584,0.02113,0.01089,0.007969,0.03102,0.0231,0.3933,0.3938,
1.485,0.2051,0.05525,0.01007,0.008047,0.04576,0.02113,0.01084,0.008057,0.03111,0.02307,0.3932,0.3934,
1.483,0.2064,0.05431,0.01009,0.00806,0.04573,0.02098,0.01083,0.008363,0.03115,0.02271,0.3933,0.3945,
1.48,0.2086,0.05341,0.01004,0.008032,0.0457,0.02101,0.0107,0.008609,0.03103,0.02256,0.3933,0.3956,
1.486,0.2011,0.05601,0.01001,0.008037,0.04573,0.02097,0.01118,0.008063,0.03145,0.02246,0.3932,0.3929,
1.483,0.2223,0.05514,0.009997,0.008061,0.04604,0.02313,0.008868,0.008333,0.03143,0.02221,0.3933,0.3935,
1.478,0.2081,0.05297,0.009953,0.008055,0.04613,0.0231,0.00881,0.008388,0.03185,0.02173,0.3933,0.3957,
1.475,0.215,0.05168,0.009924,0.00806,0.04611,0.02295,0.008877,0.008329,0.03207,0.02146,0.3934,0.3971,
1.482,0.2159,0.05524,0.009863,0.008069,0.04596,0.02283,0.008929,0.008338,0.03215,0.02178,0.3933,0.3936,
1.484,0.2039,0.05525,0.009873,0.008011,0.04589,0.02283,0.008887,0.008292,0.03216,0.02278,0.3929,0.3932,
1.483,0.2042,0.05451,0.009816,0.008023,0.04583,0.02289,0.008823,0.008292,0.03216,0.02278,0.3929,0.3939,
1.481,0.2045,0.05396,0.009873,0.008027,0.04576,0.0229,0.008861,0.008159,0.03301,0.02184,0.3931,0.3945,
1.478,0.2085,0.05327,0.00988,0.00804,0.04561,0.02284,0.008897,0.008136,0.03309,0.02141,0.3934,0.3954,
1.477,0.2088,0.05309,0.009875,0.00806,0.04553,0.0228,0.008895,0.008088,0.03311,0.02138,0.3933,0.3958,
1.474,0.2135,0.05177,0.009864,0.008079,0.04571,0.02284,0.008856,0.008089,0.0333,0.02106,0.3934,0.397,
1.481,0.2081,0.05478,0.009915,0.00808,0.04571,0.02287,0.008805,0.008095,0.03325,0.02141,0.3933,0.3938,
1.481,0.2092,0.05458,0.009957,0.008097,0.04568,0.02296,0.008728,0.008114,0.03343,0.02116,0.3933,0.394,
1.476,0.2148,0.05245,0.009889,0.008121,0.04563,0.02296,0.008756,0.008123,0.03362,0.02095,0.3935,0.396,
1.472,0.224,0.05055,0.009844,0.008112,0.04592,0.02293,0.01046,0.006438,0.03383,0.02072,0.3935,0.3977,
1.483,0.2151,0.05503,0.009826,0.008122,0.04573,0.02286,0.01047,0.006421,0.03379,0.02169,0.3932,0.3929,
1.483,0.2149,0.0541,0.009822,0.008124,0.04562,0.02291,0.01044,0.006478,0.03381,0.02216,0.393,0.3936,
1.481,0.2128,0.05338,0.00983,0.008124,0.04556,0.02293,0.01041,0.006413,0.03385,0.02209,0.393,0.3944,
1.476,0.2106,0.05272,0.009777,0.008136,0.04556,0.02616,0.007162,0.006619,0.03406,0.0216,0.3931,0.3951,
1.473,0.2082,0.05153,0.009695,0.008126,0.04549,0.02624,0.007074,0.0067,0.03396,0.0216,0.3932,0.3964,
1.48,0.2004,0.0545,0.009682,0.008125,0.04555,0.02617,0.007073,0.007073,0.0338,0.02162,0.3931,0.3933,
1.478,0.2007,0.05356,0.009599,0.008124,0.0455,0.02612,0.007026,0.007204,0.03364,0.02162,0.3932,0.3945,
1.473,0.2027,0.05184,0.009509,0.008074,0.04539,0.02617,0.007009,0.007253,0.03362,0.02153,0.3932,0.3964,
1.47,0.2007,0.05092,0.009492,0.008094,0.04529,0.02562,0.007033,0.007301,0.03374,0.02126,0.3933,0.3979,
1.469,0.2036,0.05041,0.009579,0.008106,0.0455,0.0256,0.006963,0.007519,0.03353,0.02126,0.3934,0.3981,
1.464,0.2056,0.04877,0.009429,0.008088,0.0457,0.02523,0.006892,0.007669,0.03342,0.02092,0.3935,0.4003,
1.459,0.2097,0.04777,0.009437,0.008098,0.04574,0.02561,0.006221,0.007828,0.03358,0.02036,0.3937,0.4016,
1.458,0.207,0.04743,0.009446,0.008105,0.04567,0.02552,0.006207,0.007909,0.03348,0.02024,0.3937,0.4023,
1.453,0.209,0.04564,0.00942,0.008121,0.04568,0.02539,0.006112,0.007949,0.03375,0.01993,0.3937,0.4043,
1.455,0.2141,0.0454,0.009454,0.008129,0.0456,0.02509,0.006081,0.01058,0.03125,0.01965,0.3938,0.405,
1.477,0.1992,0.0562,0.009382,0.008114,0.04557,0.02513,0.006081,0.01062,0.0313,0.01965,0.3938,0.3941,
1.474,0.1998,0.05506,0.009413,0.008119,0.04554,0.02495,0.006123,0.01074,0.03122,0.01944,0.3939,0.3955,
1.473,0.2108,0.0535,0.009396,0.008136,0.04554,0.02499,0.006042,0.01294,0.0294,0.01905,0.3939,0.3971,
1.481,0.1967,0.0566,0.009458,0.008136,0.04564,0.02483,0.006039,0.01317,0.02972,0.01921,0.3938,0.3934,
1.471,0.2003,0.05599,0.00943,0.008105,0.04565,0.022,0.006096,0.01325,0.02948,0.01919,0.3938,0.397,
1.476,0.1906,0.05833,0.009438,0.008103,0.04579,0.02183,0.006083,0.01329,0.02984,0.019,0.3937,0.3946,
1.473,0.1931,0.05731,0.00944,0.008112,0.04574,0.02171,0.006003,0.01336,0.02993,0.01884,0.3938,0.3958,
1.477,0.1889,0.05952,0.009463,0.008113,0.04577,0.0214,0.006073,0.01329,0.02991,0.01902,0.3937,0.3937,
1.475,0.1926,0.05882,0.009475,0.008126,0.04567,0.02134,0.006074,0.01341,0.02981,0.0189,0.3939,0.3945,
1.475,0.196,0.05843,0.009534,0.008121,0.04573,0.02142,0.006115,0.01355,0.02969,0.01878,0.3939,0.3947,
1.478,0.1955,0.0595,0.009571,0.008089,0.0457,0.02149,0.006067,0.0136,0.02968,0.01908,0.3936,0.3936,
1.474,0.2044,0.05819,0.009582,0.008099,0.04558,0.02145,0.005946,0.0138,0.02968,0.01856,0.3939,0.3952,
1.471,0.2018,0.0574,0.009605,0.008105,0.04559,0.02163,0.005628,0.01372,0.02978,0.01813,0.3943,0.3962,
1.469,0.2028,0.05653,0.009611,0.008111,0.04556,0.02163,0.00567,0.01376,0.02967,0.01813,0.3942,0.3971,
1.465,0.206,0.05478,0.00953,0.008139,0.04553,0.02155,0.005745,0.01379,0.02979,0.01791,0.3943,0.399,
1.474,0.2043,0.05917,0.009555,0.008143,0.04552,0.02151,0.005834,0.01375,0.02998,0.01798,0.3942,0.3944,
1.476,0.2061,0.05903,0.009598,0.008147,0.04528,0.02124,0.005898,0.01365,0.02999,0.0191,0.3938,0.3942,
1.474,0.2124,0.05781,0.009612,0.008165,0.04528,0.0212,0.005931,0.01369,0.02991,0.0191,0.3938,0.3955,
1.472,0.207,0.05688,0.009593,0.00817,0.04529,0.02121,0.005883,0.01381,0.0298,0.01902,0.3939,0.3964,
1.471,0.2155,0.05627,0.009625,0.008172,0.04517,0.02129,0.00583,0.01403,0.02963,0.01891,0.394,0.3971,
1.468,0.2224,0.05525,0.009636,0.008185,0.04528,0.02132,0.005806,0.01402,0.02961,0.01856,0.3942,0.3981,
1.465,0.2205,0.05395,0.009665,0.008192,0.04549,0.02121,0.005782,0.01407,0.02953,0.01838,0.3943,0.3994,
1.462,0.2429,0.05296,0.009648,0.008221,0.04549,0.0211,0.005786,0.01412,0.02946,0.01813,0.3945,0.4006,
1.46,0.2211,0.0523,0.009707,0.008231,0.04533,0.02106,0.00595,0.01415,0.02946,0.01778,0.3945,0.4016,
1.476,0.2134,0.05978,0.009637,0.008235,0.04524,0.02093,0.005886,0.01428,0.02936,0.01853,0.3942,0.3939,
1.474,0.2277,0.05897,0.009648,0.008254,0.04519,0.02095,0.005853,0.01437,0.02937,0.01831,0.3944,0.3947,
1.473,0.2147,0.05809,0.009697,0.008263,0.04527,0.02087,0.006005,0.0143,0.02948,0.01813,0.3944,0.3955,
1.469,0.2224,0.05644,0.009549,0.008254,0.04527,0.02097,0.00598,0.01436,0.02964,0.01784,0.3944,0.3973,
1.466,0.2195,0.05541,0.009577,0.008262,0.04529,0.02086,0.005902,0.01461,0.02935,0.01771,0.3945,0.3985,
1.461,0.2158,0.05346,0.009404,0.008268,0.04537,0.02061,0.005924,0.01465,0.02952,0.01743,0.3946,0.4008,
1.475,0.2066,0.05977,0.009467,0.008268,0.04537,0.02067,0.006067,0.01464,0.02961,0.01761,0.3941,0.3944,
1.472,0.207,0.05916,0.0095,0.008275,0.04535,0.02046,0.006107,0.01456,0.02977,0.01731,0.3945,0.395,
1.47,0.2094,0.05791,0.009523,0.008275,0.04537,0.0205,0.006098,0.01456,0.02984,0.01717,0.3946,0.3962,
1.468,0.2133,0.05688,0.009579,0.00829,0.04544,0.02041,0.006326,0.01434,0.02996,0.01692,0.3948,0.3971,
1.466,0.2165,0.05645,0.009583,0.008306,0.04544,0.0204,0.006453,0.01419,0.03012,0.01656,0.3948,0.3977,
1.464,0.2211,0.05553,0.009592,0.008298,0.04538,0.02037,0.006507,0.01415,0.03081,0.01576,0.3949,0.3988,
1.473,0.2383,0.05869,0.009629,0.008294,0.04532,0.02033,0.00657,0.01652,0.02837,0.0163,0.3947,0.3953,
1.477,0.2323,0.05973,0.009551,0.008298,0.04519,0.02025,0.006578,0.01651,0.02844,0.0171,0.3943,0.394,
1.478,0.2291,0.05961,0.009383,0.008296,0.04544,0.02031,0.006595,0.01662,0.02832,0.01744,0.3939,0.3941,
1.479,0.2271,0.05932,0.009461,0.008295,0.04539,0.02036,0.006578,0.01657,0.02821,0.01801,0.394,0.3937,
1.478,0.2279,0.05835,0.009473,0.008272,0.0454,0.02059,0.007977,0.01499,0.02861,0.01754,0.3941,0.3947,
1.475,0.224,0.05735,0.009497,0.008286,0.04522,0.02046,0.007954,0.01506,0.02855,0.0175,0.3942,0.3959,
1.473,0.2172,0.05657,0.0095,0.008284,0.04513,0.02053,0.007889,0.01514,0.02865,0.01734,0.3943,0.3967,
1.47,0.214,0.05487,0.009468,0.008243,0.04513,0.02045,0.007902,0.01514,0.02861,0.01734,0.3943,0.3985,
1.476,0.2103,0.05822,0.009486,0.008241,0.04498,0.02036,0.007885,0.01513,0.02875,0.01742,0.3943,0.3953,
1.473,0.21,0.05687,0.009347,0.008249,0.04506,0.02038,0.007912,0.01512,0.02867,0.01732,0.3944,0.3967,
1.477,0.2065,0.05917,0.009379,0.008255,0.0451,0.02041,0.007912,0.01516,0.02907,0.01677,0.3945,0.3943,
1.481,0.2119,0.05939,0.009383,0.008269,0.04514,0.02032,0.007909,0.01517,0.029,0.01798,0.3931,0.3943,
1.478,0.2071,0.05804,0.009381,0.008258,0.04508,0.02024,0.00793,0.01512,0.02896,0.01796,0.3939,0.3951,
1.475,0.2144,0.0568,0.009376,0.008273,0.0451,0.02028,0.007986,0.0151,0.02891,0.01787,0.3941,0.3963,
1.473,0.215,0.05592,0.009436,0.008273,0.04504,0.02029,0.008005,0.01499,0.02891,0.01787,0.3941,0.3972,
1.472,0.2254,0.05532,0.009397,0.008284,0.04488,0.02016,0.008078,0.01775,0.02625,0.01752,0.3942,0.3981,
1.467,0.2243,0.0531,0.00942,0.008199,0.04471,0.02005,0.008113,0.01779,0.02625,0.01738,0.3944,0.4005,
1.462,0.2141,0.05151,0.009372,0.008212,0.04477,0.02158,0.006695,0.01784,0.02615,0.0172,0.3945,0.4022,
1.479,0.2047,0.05952,0.009347,0.008211,0.04481,0.02161,0.006674,0.0178,0.02627,0.0178,0.394,0.394,
1.477,0.2059,0.05806,0.009299,0.008188,0.04491,0.02167,0.0068,0.01765,0.02634,0.01768,0.3944,0.395,
1.47,0.2063,0.05527,0.009269,0.008169,0.04479,0.02169,0.006808,0.01763,0.02634,0.01745,0.3945,0.398,
1.468,0.2063,0.05437,0.009275,0.00818,0.04472,0.02175,0.00669,0.01771,0.02627,0.01745,0.3946,0.3989,
1.466,0.2133,0.05354,0.0093,0.00818,0.04473,0.0215,0.006697,0.01986,0.02414,0.01737,0.3947,0.4,
1.48,0.2137,0.05885,0.009282,0.008174,0.04465,0.02133,0.01015,0.01642,0.02424,0.01775,0.3945,0.3947,
1.477,0.2143,0.05789,0.009303,0.008195,0.04463,0.02113,0.01016,0.01643,0.02439,0.01749,0.3945,0.3959,
1.475,0.2169,0.05695,0.009308,0.00816,0.04459,0.02112,0.01017,0.01639,0.02435,0.01743,0.3946,0.3969,
1.473,0.2184,0.05594,0.009302,0.008156,0.04467,0.02123,0.01017,0.0164,0.02432,0.01735,0.3947,0.3978,
1.482,0.207,0.05909,0.009238,0.008151,0.04476,0.02102,0.01026,0.01624,0.02438,0.01844,0.3943,0.3941,
1.477,0.2076,0.05676,0.009191,0.008168,0.04475,0.02099,0.01044,0.01612,0.02431,0.01836,0.3944,0.3965,
1.474,0.2099,0.05541,0.009194,0.008179,0.04477,0.02109,0.01046,0.01598,0.02427,0.01836,0.3944,0.3979,
1.472,0.2115,0.0545,0.009156,0.008179,0.04468,0.02135,0.01029,0.01601,0.02416,0.01825,0.3946,0.3988,
1.481,0.2101,0.05778,0.009171,0.00817,0.04464,0.02136,0.01049,0.0158,0.02414,0.01917,0.3942,0.3951,
1.478,0.2083,0.05634,0.009166,0.008181,0.04457,0.02118,0.01059,0.01574,0.02424,0.01904,0.3943,0.3967,
1.482,0.2067,0.05845,0.009073,0.00819,0.04457,0.02121,0.01048,0.01574,0.02433,0.0193,0.3942,0.3945,
1.478,0.2058,0.05627,0.009087,0.008216,0.04454,0.0214,0.01037,0.01569,0.02439,0.01913,0.3943,0.3966,
1.475,0.2075,0.05542,0.008988,0.008184,0.04455,0.0214,0.0104,0.01576,0.02429,0.01896,0.3943,0.3977,
1.472,0.2367,0.0543,0.009038,0.008186,0.04468,0.0214,0.01036,0.01569,0.0243,0.01885,0.3944,0.3988,
1.469,0.2328,0.05308,0.008953,0.008188,0.04476,0.02132,0.01047,0.01562,0.02435,0.01863,0.3945,0.4001,
1.465,0.2338,0.05105,0.008936,0.008187,0.04477,0.02128,0.01047,0.01557,0.02456,0.01842,0.3945,0.4022,
1.481,0.2245,0.05827,0.008975,0.008185,0.04474,0.02118,0.01042,0.0157,0.02458,0.01915,0.3942,0.3946,
1.482,0.2213,0.05775,0.008941,0.008158,0.04478,0.02106,0.01042,0.01577,0.02473,0.01957,0.394,0.3949,
1.484,0.2146,0.05826,0.008931,0.008159,0.04473,0.02098,0.01045,0.01579,0.02456,0.02033,0.3937,0.3941,
1.481,0.2333,0.05653,0.008929,0.008163,0.04459,0.02097,0.0105,0.01591,0.02454,0.02008,0.3939,0.3959,
1.479,0.2163,0.05571,0.008982,0.008164,0.04468,0.02076,0.01056,0.01588,0.0247,0.01988,0.3939,0.3968,
1.476,0.2033,0.05472,0.009002,0.00817,0.04468,0.02077,0.01058,0.01587,0.02508,0.01936,0.394,0.3978,
1.488,0.1972,0.05873,0.00899,0.008176,0.04458,0.02074,0.01061,0.01582,0.02501,0.02088,0.3934,0.393,
1.486,0.1981,0.05763,0.009023,0.008165,0.04443,0.02064,0.01042,0.01584,0.02496,0.0214,0.3933,0.3942,
1.483,0.2033,0.05622,0.009031,0.008165,0.04451,0.02058,0.01054,0.01573,0.02559,0.0207,0.3934,0.3955,
1.481,0.2066,0.05536,0.009067,0.008173,0.0444,0.02072,0.01041,0.01581,0.0258,0.02028,0.3935,0.3965,
1.476,0.2522,0.05326,0.009004,0.008104,0.0444,0.02068,0.01044,0.01574,0.02604,0.02,0.3936,0.3988,
1.474,0.2015,0.05255,0.009026,0.008113,0.04436,0.02071,0.01053,0.01558,0.02611,0.01994,0.3937,0.3994,
1.489,0.1969,0.05834,0.009003,0.008133,0.04425,0.0208,0.01049,0.01548,0.02641,0.02084,0.3932,0.393,
1.486,0.2099,0.05716,0.008984,0.008147,0.04418,0.02087,0.01043,0.01553,0.02673,0.02042,0.3934,0.3942,
1.484,0.2065,0.05599,0.00899,0.008154,0.04428,0.02091,0.01034,0.01553,0.02688,0.02028,0.3934,0.3952,
1.486,0.207,0.05699,0.009011,0.008147,0.04425,0.02104,0.01027,0.01553,0.02705,0.02019,0.3934,0.3941,
1.483,0.218,0.05585,0.009029,0.008149,0.04418,0.02103,0.01035,0.01534,0.02706,0.02012,0.3935,0.3954,
1.486,0.2152,0.05753,0.008976,0.008149,0.04417,0.02104,0.01024,0.0153,0.02723,0.02003,0.3934,0.3939,
1.486,0.2154,0.05739,0.008885,0.00817,0.0444,0.02087,0.01028,0.01535,0.02725,0.02013,0.3935,0.3938,
1.481,0.2168,0.05477,0.008902,0.008146,0.04434,0.02074,0.01039,0.01527,0.02736,0.02022,0.3935,0.3964,
1.48,0.2133,0.05422,0.008923,0.008101,0.0442,0.02079,0.01034,0.01522,0.02754,0.02005,0.3936,0.3971,
1.477,0.2116,0.05328,0.008895,0.008103,0.04414,0.0208,0.01034,0.01525,0.02778,0.01978,0.3936,0.398,
1.487,0.2004,0.05791,0.008912,0.008106,0.04405,0.02087,0.0103,0.01517,0.02794,0.01982,0.3937,0.3933,
1.486,0.2125,0.05711,0.008986,0.008108,0.04409,0.02084,0.01025,0.01511,0.0286,0.01952,0.3936,0.3938,
1.487,0.204,0.05714,0.008955,0.008112,0.04402,0.02076,0.01031,0.01501,0.02871,0.02,0.3934,0.3936,
1.487,0.1974,0.05682,0.009007,0.008112,0.04394,0.0208,0.01033,0.01514,0.02853,0.02001,0.3935,0.3938,
1.485,0.1983,0.05588,0.009011,0.008116,0.04416,0.02064,0.01047,0.01514,0.02864,0.01974,0.3936,0.3946,
1.483,0.197,0.05485,0.009053,0.008116,0.04407,0.0207,0.0106,0.01491,0.02889,0.0195,0.3937,0.3956,
1.478,0.2017,0.05278,0.009088,0.008127,0.04391,0.02089,0.01041,0.01497,0.02904,0.01925,0.3938,0.3978,
1.476,0.2036,0.05198,0.009133,0.008127,0.04384,0.0209,0.01051,0.01484,0.02897,0.01926,0.3938,0.3986,
1.476,0.206,0.05161,0.009203,0.008129,0.04379,0.02098,0.01055,0.01487,0.02932,0.01878,0.3939,0.3988,
1.474,0.2052,0.05095,0.009176,0.008145,0.04374,0.02097,0.01059,0.01484,0.02932,0.0186,0.394,0.3996,
1.483,0.2039,0.05551,0.009182,0.008155,0.04371,0.02103,0.01068,0.01475,0.02941,0.01851,0.3941,0.395,
1.479,0.2052,0.05393,0.009092,0.008132,0.04366,0.02103,0.01078,0.01482,0.02931,0.01831,0.3942,0.3968,
1.487,0.202,0.05684,0.009106,0.008145,0.04367,0.0212,0.01073,0.01481,0.02927,0.01881,0.3937,0.3938,
1.484,0.1978,0.05554,0.009129,0.00813,0.04362,0.02118,0.0108,0.01482,0.02935,0.01859,0.3941,0.3948,
1.482,0.2075,0.05463,0.009136,0.008147,0.04362,0.02124,0.01073,0.01477,0.02931,0.01859,0.3941,0.3957,
1.48,0.207,0.05381,0.009093,0.008114,0.04368,0.02123,0.01074,0.01476,0.02944,0.01843,0.3942,0.3965,
1.485,0.2001,0.0564,0.009129,0.008117,0.04357,0.02133,0.01062,0.01476,0.02992,0.01828,0.3941,0.3938,
1.483,0.2015,0.05549,0.009094,0.008091,0.04349,0.02148,0.01055,0.01472,0.03006,0.01807,0.3942,0.3948,
1.486,0.1998,0.05622,0.009098,0.008083,0.04348,0.02143,0.01052,0.01494,0.02988,0.01868,0.3939,0.3938,
1.489,0.1971,0.05584,0.00911,0.008073,0.04352,0.02149,0.01054,0.01484,0.02977,0.01979,0.3935,0.3935,
1.487,0.1989,0.05417,0.009061,0.008082,0.04357,0.02153,0.01054,0.01978,0.0251,0.01942,0.3936,0.3952,
1.485,0.1992,0.05316,0.009044,0.008081,0.04354,0.02153,0.0105,0.01979,0.02519,0.01929,0.3937,0.3962,
1.483,0.2071,0.05188,0.009031,0.008079,0.04384,0.02167,0.01224,0.01795,0.02512,0.01923,0.3938,0.3971,
1.482,0.2108,0.05127,0.009009,0.00809,0.04373,0.02176,0.01215,0.01818,0.02503,0.01907,0.3939,0.3978,
1.488,0.2112,0.05503,0.008907,0.008095,0.04371,0.02328,0.01077,0.01806,0.02539,0.01868,0.394,0.3941,
1.492,0.2153,0.05492,0.008901,0.008083,0.04359,0.02337,0.01059,0.0224,0.021,0.02022,0.3934,0.3935,
1.488,0.2081,0.05342,0.008871,0.008077,0.04351,0.02353,0.01048,0.02358,0.01999,0.01989,0.3936,0.3951,
1.49,0.2029,0.05447,0.008895,0.00807,0.04348,0.02354,0.01063,0.02342,0.02013,0.0198,0.3937,0.3939,
1.494,0.2046,0.05487,0.008911,0.008071,0.04339,0.02356,0.01057,0.02344,0.02017,0.02078,0.3933,0.3929,
1.492,0.2071,0.05372,0.009068,0.008072,0.04322,0.02341,0.01068,0.02345,0.02015,0.02079,0.3934,0.394,
1.494,0.2132,0.05437,0.009091,0.008081,0.04326,0.0234,0.0108,0.02336,0.02031,0.02074,0.3934,0.3932,
1.493,0.2058,0.05373,0.009146,0.00809,0.04316,0.0235,0.01096,0.02313,0.02038,0.0206,0.3935,0.3938,
1.494,0.2072,0.05345,0.009139,0.008106,0.04316,0.02357,0.01098,0.02309,0.02058,0.02111,0.3932,0.3936,
1.493,0.2112,0.05304,0.009119,0.008118,0.04315,0.02338,0.01125,0.02299,0.02042,0.02112,0.3933,0.3942,
1.488,0.2095,0.05127,0.008966,0.008115,0.04304,0.02318,0.01124,0.02304,0.02035,0.02096,0.3934,0.3964,
1.487,0.2109,0.05112,0.008954,0.008134,0.04302,0.02303,0.01126,0.02302,0.02035,0.02086,0.3935,0.3968,
1.485,0.212,0.05061,0.008964,0.008141,0.04313,0.02294,0.01134,0.02302,0.0204,0.02057,0.3936,0.3973,
1.482,0.2134,0.04927,0.008924,0.008143,0.04309,0.02314,0.01123,0.02299,0.02043,0.0204,0.3937,0.3987,
1.479,0.2148,0.04833,0.00889,0.008157,0.04293,0.02326,0.0112,0.02295,0.02049,0.0201,0.3939,0.3998,
1.476,0.2154,0.0478,0.008883,0.008162,0.04287,0.02527,0.009426,0.02272,0.02059,0.01987,0.394,0.4004,
1.472,0.2216,0.04639,0.008877,0.008132,0.04285,0.02527,0.009505,0.02272,0.02074,0.01961,0.394,0.402,
1.471,0.2282,0.04543,0.008907,0.008132,0.04289,0.02528,0.009671,0.02249,0.02118,0.01917,0.394,0.4028,
1.489,0.2128,0.05352,0.008849,0.008112,0.04284,0.02526,0.009714,0.02233,0.02117,0.01992,0.3938,0.3945,
1.49,0.21,0.05391,0.008876,0.008114,0.04293,0.02514,0.009919,0.02204,0.02138,0.0199,0.3937,0.3941,
1.492,0.2151,0.05461,0.008889,0.008121,0.04285,0.0249,0.01009,0.0218,0.02165,0.02016,0.3936,0.3933,
1.493,0.2206,0.05428,0.008935,0.008122,0.04295,0.02489,0.01007,0.02167,0.02172,0.02049,0.3935,0.3934,
1.492,0.21,0.05386,0.009036,0.008142,0.04295,0.02506,0.01006,0.02155,0.022,0.02018,0.3936,0.3936,
1.495,0.2097,0.05403,0.009035,0.008157,0.04288,0.0249,0.01007,0.02136,0.02198,0.02143,0.3931,0.3931,
1.496,0.2103,0.05373,0.009017,0.00815,0.04285,0.0246,0.01011,0.02135,0.02188,0.02223,0.3928,0.3933,
1.495,0.2503,0.05336,0.009036,0.008166,0.04299,0.02471,0.009993,0.0214,0.02173,0.02205,0.3929,0.3936,
1.492,0.2191,0.0525,0.009044,0.008172,0.04302,0.02475,0.01004,0.02133,0.0217,0.02184,0.3931,0.3946,
1.497,0.2275,0.05412,0.009031,0.00817,0.04292,0.02468,0.01002,0.02125,0.0221,0.02229,0.3927,0.3927,
1.498,0.2259,0.05377,0.009089,0.008167,0.04285,0.0247,0.01005,0.0211,0.02256,0.02255,0.3924,0.3927,
1.493,0.2206,0.05266,0.009053,0.008171,0.04307,0.02376,0.01023,0.02076,0.02265,0.02233,0.3925,0.3948,
1.501,0.2158,0.05476,0.009014,0.008167,0.04301,0.02392,0.01014,0.02065,0.02277,0.02376,0.3919,0.3919,
1.501,0.2182,0.05464,0.00888,0.008163,0.04291,0.02412,0.01001,0.02055,0.02286,0.02401,0.3918,0.392,
1.497,0.2273,0.0533,0.00891,0.008165,0.04281,0.02407,0.01008,0.02029,0.02294,0.0238,0.392,0.3937,
1.501,0.2036,0.05404,0.008916,0.008161,0.04275,0.02411,0.01007,0.02017,0.02316,0.02449,0.3917,0.3925,
1.499,0.206,0.05345,0.008837,0.008168,0.0427,0.02424,0.01004,0.02005,0.02313,0.0245,0.3917,0.3932,
1.497,0.2173,0.05272,0.008705,0.008149,0.04273,0.0243,0.01003,0.02012,0.02319,0.02425,0.3917,0.3941,
1.504,0.2253,0.05483,0.008745,0.008149,0.04299,0.0243,0.01014,0.02005,0.02376,0.02418,0.3913,0.3915,
1.506,0.2012,0.05338,0.008644,0.008146,0.04399,0.02427,0.01015,0.01993,0.02377,0.02561,0.3905,0.3917,
1.507,0.2017,0.05361,0.008623,0.008134,0.04391,0.02428,0.01007,0.01988,0.024,0.02578,0.3909,0.3908,
1.505,0.2047,0.05287,0.008667,0.008141,0.04388,0.02437,0.009973,0.01979,0.02458,0.02513,0.3909,0.3917,
1.507,0.2074,0.0536,0.008677,0.00814,0.04375,0.0244,0.01026,0.01946,0.02484,0.02516,0.3909,0.3909,
1.504,0.206,0.05264,0.008727,0.008139,0.04376,0.02421,0.01031,0.01947,0.02493,0.02475,0.391,0.3921,
1.506,0.2031,0.05357,0.008628,0.008154,0.04378,0.02434,0.01019,0.01954,0.02506,0.0247,0.391,0.3911,
1.503,0.2064,0.05236,0.008582,0.008155,0.04375,0.02443,0.01027,0.0193,0.02514,0.02455,0.3911,0.3924,
1.499,0.2158,0.05058,0.008518,0.008145,0.0438,0.02437,0.01018,0.01927,0.02518,0.02444,0.3912,0.3944,
1.495,0.2174,0.04911,0.008477,0.00817,0.04389,0.02441,0.01004,0.01933,0.02557,0.02391,0.3913,0.3958,
1.502,0.2147,0.05265,0.008418,0.008163,0.04393,0.02445,0.01012,0.0193,0.0255,0.02398,0.3913,0.3922,
1.501,0.2151,0.05222,0.008431,0.008169,0.04397,0.02443,0.01001,0.01929,0.02551,0.0239,0.3913,0.3927,
1.504,0.2142,0.05326,0.008441,0.008157,0.04403,0.02442,0.009953,0.01938,0.02552,0.02431,0.3912,0.3914,
1.501,0.2231,0.05191,0.008445,0.008173,0.04402,0.02442,0.00987,0.01947,0.02544,0.02421,0.3913,0.3928,
